12	HA	1.171	3.740	0.289
13	HB2	3.183	2.258	1.008
14	HB3	2.241	0.843	0.632
15	HD1	2.469	3.791	2.911
16	HD2	0.613	-0.027	2.236
17	HE1	1.693	3.754	5.243
18	HE2	-0.173	-0.049	4.572
19	HZ	0.370	1.838	6.082
20	H	2.353	1.820	-1.758
28	HA	-2.211	1.107	-0.943
29	HB	-3.292	3.770	-0.091
30	1HG1	-4.796	1.145	-0.477
31	2HG1	-5.019	2.637	-1.409
32	3HG1	-5.456	2.603	0.311
33	1HG2	-1.999	2.601	1.640
34	2HG2	-2.967	1.132	1.405
35	3HG2	-3.733	2.592	2.060
37	1HCN	-0.109	4.592	-0.091
38	2HCN	-1.506	4.953	-0.965
39	3HCN	-0.128	4.407	-1.867
51	HA	-3.656	0.745	-5.118
52	HB3	-4.104	3.195	-5.947
53	HB2	-3.978	3.621	-4.229
54	HG3	-5.796	1.383	-5.143
55	HG2	-6.335	3.074	-5.172
56	HD3	-5.769	3.275	-2.743
57	HD2	-5.351	1.549	-2.725
58	HE	-7.586	0.968	-2.788
59	2HH1	-8.908	4.789	-3.425
60	1HH1	-7.185	4.409	-3.505
61	2HH2	-10.447	3.097	-2.951
62	1HH2	-9.878	1.447	-2.675
63	H	-2.971	0.491	-2.957
68	HA2	0.268	2.824	-6.301
69	HA3	1.043	1.431	-5.524
70	H	-0.806	1.718	-3.739
79	HA	4.178	3.233	-2.965
80	HB3	2.568	5.662	-3.796
81	HB2	3.884	4.995	-4.782
82	H	2.938	2.130	-4.552
