./sandbox/refined/CIL_00153.dat	7967931912.9	8052820535.6	7961741080.7	8046826305.4	8036126633.6	8118429614.0	8030124838.7	8112617597.6	8000269296.2	8084599376.8	7994118577.7	8078645128.7	8067962894.9	8149708343.1	8062001121.4	8143936252.8	8006414534.3	8093332784.2	8000071343.0	8087198936.4	8076825303.7	8160955581.5	8070686056.3	8155018110.9	8038865407.8	8125230687.0	8032561830.6	8119136508.5	8108777303.7	8192352864.4	8102677779.9	8186455200.9
./sandbox/refined/CIL_00490.dat	7572653108.0	7458896153.3	7572317520.5	7458547905.4	7635083279.2	7524374360.2	7634756622.0	7524035511.8	7710755492.3	7603500910.6	7710438969.9	7603172699.7	7768524559.5	7664043109.0	7768216173.1	7663723437.8	7629200384.3	7515565972.2	7628865243.7	7515218012.3	7691707228.4	7581180774.4	7691381193.4	7580842399.0	7767354312.0	7660343099.4	7767038590.8	7660015548.8	7825085358.0	7720898130.2	7824777921.9	7720579276.0
./sandbox/refined/CIL_00740.dat	6931590521.7	6999540116.9	6933324997.0	7001240555.3	7024392101.8	7090320742.1	7026074737.0	7091970861.3	7044184165.4	7109233173.9	7045844189.9	7110861440.8	7132476033.5	7195647091.4	7134087922.7	7197228562.8	6855853486.9	6928688167.4	6857713748.6	6930509742.9	6956666721.6	7027171277.4	6958467143.6	7028934905.3	6980999706.3	7050423890.1	6982772331.4	7052160705.1	7076421543.9	7143698329.9	7078139071.6	7145381691.4
./sandbox/refined/CIL_00891.dat	6938431460.2	7012527811.9	6933231897.7	7007439633.1	7054513188.8	7125931538.4	7049502600.8	7121026376.7	6822309657.7	6899757041.8	6816873172.6	6894440239.7	6944187871.1	7018751212.2	6938955101.2	7013631339.8	6848656284.9	6928600234.3	6843042136.9	6923114105.8	6975197538.0	7052031389.9	6969803187.8	7046757530.1	6717324398.0	6801304251.7	6711424429.1	6795543172.9	6850940806.3	6931538634.3	6845280142.6	6926008142.3
./sandbox/refined/CIL_02060.dat	8415655777.2	8442891482.4	8416593040.4	8443817004.9	8396603604.4	8424195268.7	8397553130.9	8425132873.3	8355434688.0	8383746161.6	8356409006.1	8384708205.4	8335200224.1	8363891472.8	8336187628.2	8364866404.7	8429395288.6	8457714701.9	8430370131.6	8458676746.8	8409008500.3	8437729293.1	8409997176.1	8438704956.7	8365093314.2	8394624074.9	8366109896.5	8395627228.6	8343326029.3	8373287466.0	8344357456.8	8374305229.4
./sandbox/refined/CIL_02318.dat	8319053083.1	8337039445.6	8319807859.2	8337788297.8	8341222008.4	8358894630.2	8341963600.5	8359630437.3	8321297251.7	8339418064.7	8322057695.2	8340172488.4	8343820465.0	8361619835.0	8344567400.4	8362360893.9	8344451023.7	8362864411.0	8345223830.6	8363630925.9	8367807333.9	8385877421.4	8368565712.3	8386629664.6	8345997415.9	8364565273.0	8346776734.8	8365338188.3	8369768784.7	8387984133.4	8370533287.3	8388742394.9
./sandbox/refined/CIL_02354.dat	8064489164.6	8113897222.4	8064780180.5	8114182651.7	8128398711.3	8176313634.7	8128680921.7	8176590448.0	8116782496.8	8165156064.4	8117067421.2	8165435515.0	8179061378.0	8225977703.1	8179337710.2	8226248743.1	8064200627.1	8115899741.2	8064505274.9	8116198270.0	8132026983.3	8182059328.3	8132321796.2	8182348244.3	8119027619.1	8169590455.8	8119325573.0	8169882420.5	8185027590.7	8233965892.6	8185315960.9	8234248486.1
./sandbox/refined/CIL_02796.dat	8309231147.9	8377828242.1	8309503266.8	8378092239.4	8291308175.5	8360697968.5	8291583449.1	8360965007.0	8284351645.9	8353344318.7	8284625305.6	8353609867.2	8266296118.6	8336080622.8	8266572929.4	8336349209.2	8297027885.9	8370157528.2	8297318249.1	8370438708.7	8277033681.1	8351105419.6	8277327798.3	8351390209.9	8271624299.9	8345141409.9	8271916166.6	8345424115.4	8251499246.1	8325955955.6	8251794856.7	8326242261.5
./sandbox/refined/CIL_03604.dat	7461147612.2	7519436569.4	7462812775.0	7521070634.6	7500773997.2	7558065489.4	7502410552.4	7559671705.9	7442558045.0	7500829835.0	7444222644.1	7502463495.8	7482107393.1	7539389970.9	7483743621.7	7540996013.1	7377797647.6	7441286526.2	7379612502.0	7443065189.9	7422958656.1	7485232392.5	7424738619.2	7486977171.5	7360389546.1	7423779491.9	7362201474.9	7425555485.9	7405372559.0	7467560690.2	7407149980.0	7469303170.1
./sandbox/refined/CIL_03801.dat	8210471452.7	8274031272.2	8210839449.1	8274389576.7	8284406441.4	8345839246.4	8284762130.6	8346185550.7	8247531418.9	8309473284.3	8247890008.3	8309822506.2	8319392298.6	8379284691.1	8319739033.5	8379622346.3	8180918457.7	8249428332.5	8181315451.0	8249814207.8	8261340459.0	8327379136.7	8261723138.8	8327751084.5	8223616317.3	8290148422.5	8224001797.9	8290523208.8	8301467007.6	8365630811.6	8301838776.2	8365992244.9
./sandbox/refined/CIL_04062.dat	6842223742.7	6868429309.6	6841321052.0	6867533384.7	6793546014.3	6820234491.3	6792626646.3	6819322095.8	6900070616.9	6925629817.0	6899190248.9	6924755937.4	6853118512.3	6879136834.0	6852222291.4	6878247292.6	6761341152.8	6789444498.8	6760372858.7	6788483905.1	6707020290.6	6735695281.8	6706032244.6	6734715200.3	6827040904.7	6854372403.1	6826099279.2	6853438123.0	6774868229.8	6802739813.8	6773907947.1	6801787118.0
./sandbox/refined/CIL_04566.dat	6925029748.2	7013192125.8	6925021530.4	7013179588.6	6992373589.5	7078455431.1	6992360585.1	7078438369.6	7022323130.6	7107283673.6	7022307274.3	7107263923.3	7086561108.9	7169572889.1	7086540966.4	7169549087.2	6724841592.5	6824376464.9	6724871811.9	6824400023.2	6804120046.7	6900974688.2	6804142671.4	6900991086.2	6840969212.8	6936341911.3	6840987258.8	6936354001.4	6916030365.7	7008922737.3	6916041677.0	7008928473.6
./sandbox/refined/CIL_04727.dat	7704976883.4	7697648930.1	7690821792.2	7683458267.9	7741507174.0	7734304402.9	7727594002.5	7720356488.3	7612641982.1	7605038585.9	7597954626.1	7590313921.5	7651098813.7	7643628081.0	7636667848.9	7629160713.8	7625472525.4	7617497744.8	7610066776.7	7602050805.9	7666971121.7	7659147919.8	7651858346.6	7643995043.0	7522503333.5	7514199833.0	7506462271.1	7498115306.2	7566412231.9	7558270458.7	7550683778.9	7542499745.8
./sandbox/refined/CIL_04844.dat	8813784082.7	8835191300.7	8814872936.4	8836265964.8	8834172853.0	8855200691.7	8835242411.8	8856256309.1	8741058552.2	8763667751.3	8742208496.6	8764802805.7	8763127259.2	8785327882.3	8764256421.0	8786442427.5	8856150439.5	8877382794.5	8857230604.5	8878448453.3	8876333637.7	8897178057.3	8877394070.8	8898224242.0	8783999467.8	8806462046.5	8785142162.7	8807589510.7	8805902679.9	8827946708.0	8807024082.7	8829053164.4
./sandbox/refined/CIL_05404.dat	8086475459.9	8185114292.6	8086665663.8	8185297132.9	8161890472.2	8256967013.7	8162073790.3	8257143262.1	8200832724.8	8292515725.5	8201009433.2	8292685743.9	8269625770.7	8358135963.4	8269796354.9	8358300102.6	8142218328.5	8240769539.5	8142408452.6	8240952129.5	8217708062.2	8312597118.3	8217891106.5	8312772932.3	8256900200.6	8348274920.3	8257076396.3	8348444286.1	8325533295.3	8413657189.4	8325703215.6	8413820532.0
./sandbox/refined/CIL_05734.dat	6311203274.7	6372354835.5	6311543308.0	6372689253.5	6420805048.5	6479939965.0	6421133800.4	6480263421.3	6481971034.2	6539814224.1	6482292561.6	6540130657.7	6584782157.9	6640801386.8	6585093492.3	6641107895.8	6184714024.7	6251108810.2	6185083449.2	6251471668.0	6305900790.6	6369898798.4	6306256787.9	6370248647.2	6375132083.9	6437571783.1	6375479354.5	6437913170.8	6488044001.8	6548342517.6	6488379292.2	6548672268.9
./sandbox/refined/CIL_05850.dat	7750942828.2	7848493547.8	7750919787.5	7848471286.6	7678882008.1	7779375476.5	7678858269.5	7779352547.0	7862953209.8	7955803110.0	7862931283.6	7955781916.6	7795186898.3	7890770776.5	7795164324.4	7890748961.6	7743768062.2	7845544665.0	7743744006.9	7845521456.8	7667377097.2	7772416028.4	7667352267.4	7772392080.2	7862461115.5	7959031358.2	7862438295.7	7959009331.5	7790930816.5	7890516028.6	7790907281.7	7890493317.2
./sandbox/refined/CIL_06161.dat	8369605617.4	8439343277.4	8388786609.6	8457922728.1	8332171474.5	8403514545.0	8351794654.4	8422520691.2	8343672082.0	8414780128.6	8363231256.4	8433722543.4	8305165937.7	8377935520.6	8325182847.6	8397319398.8	8392214289.5	8464386661.5	8412076076.6	8483595538.7	8352628014.8	8426590767.8	8372983231.1	8446275002.7	8364325464.9	8438046400.8	8384614890.6	8457664948.6	8323491346.1	8399071302.1	8344293229.7	8419183243.8
./sandbox/refined/CIL_06611.dat	7248515423.4	7311473620.5	7250825638.9	7313739405.5	7416333226.0	7476208697.1	7418530040.7	7478363822.7	7289139640.0	7350921440.3	7291406464.7	7353145120.2	7453993290.6	7512776178.4	7456149829.6	7514892174.4	7183669494.9	7251218224.6	7186149545.8	7253647764.4	7362809108.1	7426883601.8	7365161234.6	7429188553.9	7229804886.2	7295946228.3	7232232973.6	7298325450.1	7405428054.4	7468201192.0	7407732164.9	7470459583.4
./sandbox/refined/CIL_07120.dat	8398613608.0	8444571126.3	8398341120.5	8444304349.2	8382878292.6	8429171924.8	8382603816.3	8428903192.3	8470810994.4	8515051479.6	8470548677.7	8514794680.4	8455674972.1	8500239849.1	8455410736.6	8499981162.1	8423473734.1	8470797650.2	8423193011.4	8470523071.6	8407245262.2	8454931463.7	8406962395.2	8454654778.0	8498210071.1	8543670195.2	8497940392.2	8543406443.8	8482633509.8	8528442696.6	8482361765.8	8528176914.2
./sandbox/refined/CIL_07182.dat	6611528997.1	6702808263.4	6610870167.9	6702166070.7	6533762774.5	6627543998.9	6533085718.5	6626884363.7	6740484402.2	6827705499.7	6739855108.3	6827091625.0	6667383133.2	6756897664.4	6666737151.7	6756267782.2	6540060283.1	6636947951.5	6539360489.3	6636266766.6	6454890083.5	6554665261.9	6454169221.7	6553963977.3	6680658997.1	6772894549.1	6679993108.3	6772245782.8	6601023209.6	6695883943.9	6600338193.7	6695216878.7
./sandbox/refined/CIL_07271.dat	6699532562.2	6771906050.9	6699821404.1	6772189042.4	6758700102.8	6829473556.6	6758982514.5	6829750333.1	6785843065.3	6856347985.8	6786124404.5	6856623712.8	6842920793.3	6911896557.7	6843195990.2	6912166342.1	6672328267.7	6747876798.2	6672629909.8	6748172084.6	6735856286.8	6809617510.7	6736150740.5	6809905859.8	6762988098.1	6836492173.7	6763281525.0	6836779517.6	6824161731.8	6895961810.4	6824448309.1	6896242536.8
./sandbox/refined/CIL_07295.dat	8148410910.2	8202336887.5	8148744826.2	8202663552.3	8113215314.6	8168093000.3	8113555132.2	8168425422.3	8188533040.5	8241094090.6	8188858477.5	8241412513.9	8154488632.9	8207962505.1	8154819728.6	8208286451.9	8072479708.3	8131886281.3	8072847830.5	8132245877.8	8032353687.2	8092926446.8	8032729050.1	8093293088.9	8119950532.0	8177638701.4	8120307966.6	8177987934.5	8081340719.0	8140139683.6	8081705047.9	8140495630.1
./sandbox/refined/CIL_07600.dat	7480654519.2	7513776555.0	7479745404.5	7512877144.1	7411777387.8	7445813281.1	7410843134.1	7444889106.8	7519129844.7	7551926373.1	7518229665.7	7551035800.2	7451060887.0	7484761485.1	7450135840.2	7483846412.3	7497838055.7	7531685400.9	7496908898.2	7530766421.3	7426688408.5	7461508159.8	7425732496.5	7460562834.8	7536821107.2	7570333318.6	7535901149.9	7569423438.2	7466513600.5	7500987935.7	7465567173.7	7500051986.6
./sandbox/refined/CIL_07761.dat	7175844036.9	7220045378.5	7175681812.7	7219885316.1	7252511662.0	7295519407.4	7252353831.4	7295363654.4	7128792036.3	7173957513.5	7128626259.2	7173793974.1	7207503662.8	7251428819.9	7207342452.4	7251269757.5	7083187677.7	7131147811.0	7083011579.2	7130974215.9	7168208852.0	7214754074.5	7168037966.4	7214585583.2	7028369146.0	7077518074.8	7028188662.7	7077340196.4	7115978952.2	7163649208.3	7115803918.4	7163476662.1
./sandbox/refined/CIL_08203.dat	8745520930.0	8774555165.8	8746941529.7	8775952039.5	8766869357.2	8795391769.8	8768264910.5	8796764022.6	8703110322.9	8732927264.8	8704569139.7	8734361883.6	8725296265.3	8754584948.4	8726729229.6	8755994157.8	8776763887.0	8806474818.4	8778218182.0	8807903605.9	8798926774.0	8828076553.6	8800353598.7	8829478358.0	8733143953.3	8763702523.1	8734639644.1	8765172178.0	8756232592.6	8786210946.7	8757699877.9	8787652704.1
./sandbox/refined/CIL_08569.dat	8135943713.3	8168682301.9	8136877562.9	8169603912.1	8197363261.1	8229101951.6	8198268567.7	8229995435.1	8149761967.7	8182587795.3	8150698358.4	8183511805.9	8211430176.0	8243242013.4	8212337620.5	8244137501.8	8137396227.5	8171515559.0	8138369731.0	8172475756.5	8202304954.0	8235316604.5	8203246827.5	8236245654.3	8150473396.4	8184718607.7	8151450553.7	8185682282.6	8215734214.9	8248853696.4	8216679225.3	8249785717.4
./sandbox/refined/CIL_08606.dat	7018005802.9	7050441763.1	7018154278.9	7050588825.6	6978995366.5	7011935227.7	6979146156.3	7012084568.7	6879396284.5	6913417464.0	6879552038.5	6913571695.3	6837665609.6	6872236150.5	6837823887.1	6872392864.8	6961327265.4	6995854762.9	6961485359.9	6996011269.7	6918144611.6	6953260854.2	6918305410.9	6953420021.8	6810333818.0	6846690696.3	6810500316.2	6846855471.6	6763875217.7	6800879276.5	6764044690.7	6801046975.3
./sandbox/refined/CIL_08751.dat	8626713504.9	8686641159.6	8625836686.8	8685792042.3	8690253584.9	8747982999.7	8689408801.4	8747165156.4	8627389365.5	8687218647.5	8626514003.4	8686370907.9	8690814051.3	8748451869.0	8689970624.5	8747635307.6	8663591867.8	8724374533.9	8662701929.1	8723513890.6	8728165685.0	8786614789.2	8727309761.5	8785787337.1	8664340227.1	8725014642.4	8663451892.1	8724155513.8	8728786652.6	8787135243.1	8727932219.2	8786309196.5
./sandbox/refined/CIL_09335.dat	7207207303.8	7247934387.5	7198714570.1	7239546631.9	7168993893.7	7210368681.7	7160365539.3	7201847889.3	7111148806.8	7153461363.6	7102324086.5	7144747961.7	7070749514.3	7113757542.6	7061779102.7	7104901336.8	7138654193.1	7182230560.1	7129563447.0	7173258491.6	7096033323.0	7140372800.6	7086782656.3	7131244078.0	7031836801.7	7077278931.5	7022355035.3	7067923867.1	6986523968.4	7032791999.6	6976869024.3	7023267454.2
./sandbox/refined/CIL_09839.dat	8445926255.6	8379045549.0	8446129073.9	8379254683.3	8408648576.5	8340220126.8	8408856082.3	8340434107.4	8471260032.0	8405694516.9	8471458877.4	8405899522.6	8434986060.7	8367923700.9	8435189440.7	8368133392.3	8428265587.8	8355923160.1	8428484732.6	8356149611.6	8386528838.6	8312312245.0	8386753651.3	8312544573.4	8457450813.9	8386733801.9	8457665055.9	8386955143.7	8417012117.1	8344492131.6	8417231813.5	8344719125.2
./sandbox/refined/CIL_09903.dat	8484626490.0	8553548937.8	8481489089.8	8550515369.9	8475838096.2	8544964722.1	8472691533.8	8541922045.9	8561795524.3	8627607376.0	8558799579.5	8624710869.5	8553279933.9	8619293008.0	8550274964.7	8616387520.6	8528163011.7	8596358810.3	8525057770.1	8593358065.5	8519446504.5	8587848011.0	8516332037.4	8584838084.8	8604386368.2	8669453654.1	8601423392.7	8666590763.6	8595944788.2	8661215007.0	8592972716.4	8658343054.7
