11	12	-564000000
15	12	-235000000
11	13	-1320000000
15	13	-124000000
18	13	-101000000
15	11	-667000000
18	11	-457000000
22	19	-32700000
5	19	-123000000
19	20	-702000000
22	20	-46900000
19	21	-544000000
22	21	-123000000
22	16	-344000000
17	16	-5340000000
18	16	-397000000
22	17	-342000000
18	17	-418000000
15	18	-121000000
22	18	-81600000
5	0	-100000000
3	0	-167000000
0	2	-426000000
5	2	-101000000
3	2	-321000000
0	1	-461000000
5	1	-267000000
3	1	-361000000
22	5	-99000000
5	3	-88000000
15	6	-852000000
3	6	-8740000
15	7	-171000000
6	7	-296000000
10	7	-1090000000
4	9	-68100000
3	9	-99700000
6	9	-594000000
10	9	-494000000
15	8	-119000000
6	8	-733000000
10	8	-223000000
15	10	-116000000
22	10	-54600000
18	10	-17600000
0	10	-2480000000
5	10	-83500000
4	10	-164000000
3	10	-98400000
6	10	-158000000
11	14	-38600000
