12	13	-280925713.9677
12	14	-63922054.8304
12	37;38;39	-3712148429.7751
15;16	12	-186852417.7644
15;16	13	-470938012.7744
15;16	14	-606202103.9272
15;16	28	-19897823.6253
15;16	33;34;35	-77870585.2696
15;16	37;38;39	-4854001.6512
17;18;19	33;34;35	-47690612.8240
17;18;19	37;38;39	-4572146.4364
20	12	-125728126.7445
20	13	-165132436.7129
20	14	-411785959.6526
20	15;16	-13421704.3705
20	37;38;39	-43317534.2291
20	79	-479372967.0424
28	29	-151960220.6966
28	30;31;32	-309918380.0810
28	33;34;35	-541712603.7324
28	37;38;39	-48246620.7307
37;38;39	29	-565548038.9010
37;38;39	30;31;32	-2021138.1381
37;38;39	33;34;35	-69757252.1220
51	52;53	-443320998.2084
51	54;55	-890425568.0977
51	56;57	-87560423.5998
63	28	-1072509123.0795
63	29	-10066680.5842
63	30;31;32	-76894677.2005
63	37;38;39	-8495169.7186
63	51	-957254508.5339
63	52;53	-57739613.7333
63	54;55	-20598477.9580
63	70	-451460251.0084
69	68	-3666633716.1949
70	37;38;39	-78649893.6131
70	51	-100236422.1392
70	54;55	-3520803.4750
70	68	-152825399.4336
70	69	-419258765.8668
79	80	-130112146.2062
79	81	-467148245.7491
82	20	-254261718.6619
82	37;38;39	-9173518.5623
82	68	-19111909.7003
82	69	-976649400.4831
82	70	-34732412.2261
82	79	-991462238.1944
82	80	-39281656.4419
82	81	-154530661.2124
