12	13	-461000000.0000
12	14	-426000000.0000
12	37;38;39	-2480000000.0000
15;16	12	-167000000.0000
15;16	13	-361000000.0000
15;16	14	-321000000.0000
15;16	28	-8740000.0000
15;16	33;34;35	-99700000.0000
15;16	37;38;39	-98400000.0000
17;18;19	33;34;35	-68100000.0000
17;18;19	37;38;39	-164000000.0000
20	12	-100000000.0000
20	13	-267000000.0000
20	14	-101000000.0000
20	15;16	-88000000.0000
20	37;38;39	-83500000.0000
20	79	-123000000.0000
28	29	-296000000.0000
28	30;31;32	-733000000.0000
28	33;34;35	-594000000.0000
28	37;38;39	-158000000.0000
37;38;39	29	-1090000000.0000
37;38;39	30;31;32	-223000000.0000
37;38;39	33;34;35	-494000000.0000
51	52;53	-564000000.0000
51	54;55	-1320000000.0000
51	56;57	-38600000.0000
63	28	-852000000.0000
63	29	-171000000.0000
63	30;31;32	-119000000.0000
63	37;38;39	-116000000.0000
63	51	-667000000.0000
63	52;53	-235000000.0000
63	54;55	-124000000.0000
63	70	-121000000.0000
69	68	-5340000000.0000
70	37;38;39	-17600000.0000
70	51	-457000000.0000
70	54;55	-101000000.0000
70	68	-397000000.0000
70	69	-418000000.0000
79	80	-702000000.0000
79	81	-544000000.0000
82	20	-99000000.0000
82	37;38;39	-54600000.0000
82	68	-344000000.0000
82	69	-342000000.0000
82	70	-81600000.0000
82	79	-32700000.0000
82	80	-46900000.0000
82	81	-123000000.0000
