2	H	-2.861	3.052	-3.303
4	HA	-2.164	0.440	-3.987
8	1HB	-4.873	0.725	-4.200
9	2HB	-4.428	1.535	-5.694
11	1HG	-4.638	-0.591	-6.488
12	2HG	-2.938	-0.665	-6.048
14	1HD	-5.334	-1.745	-4.489
15	2HD	-4.083	-2.697	-5.292
17	HE	-3.772	-1.031	-2.815
20	1HH1	-2.164	-3.399	-4.841
21	2HH1	-0.710	-3.317	-3.873
23	1HH2	-2.002	-0.867	-1.779
24	2HH2	-0.608	-1.852	-2.124
26	H	-0.234	1.408	-4.214
28	1HA	0.680	2.722	-6.530
29	2HA	0.165	3.872	-5.302
33	H	1.695	4.415	-4.092
35	HA	3.921	2.637	-3.227
39	1HB	4.757	4.726	-4.493
40	2HB	4.107	5.654	-3.148
45	H	2.082	1.832	-2.050
47	HA	1.025	3.601	0.047
51	1HB	1.134	0.676	0.619
52	2HB	2.552	1.675	0.897
55	HD1	-0.963	1.055	1.975
57	HD2	2.537	3.527	2.472
59	HE1	-1.864	1.922	4.127
61	HE2	1.642	4.377	4.622
63	HZ	-0.556	3.565	5.455
67	HA	-2.589	1.653	0.067
71	HB	-3.890	4.253	-0.747
73	1HG1	-5.993	3.378	0.246
74	2HG1	-5.558	2.526	-1.231
75	3HG1	-5.260	1.762	0.349
77	1HG2	-3.687	2.862	1.962
78	2HG2	-2.677	4.224	1.464
79	3HG2	-4.418	4.448	1.637
80	H	-0.798	4.768	0.261
81	H	-0.284	4.763	-1.448
82	H	-1.947	5.075	-1.054
