	278.000000	10	13
	49.600000	10	55
	873.000000	24	27
	1780.000000	24	13
	187.000000	24	55
	289.000000	25	55
	76.400000	40	55
	128.000000	40	76
	8160.000000	57	58
	141.000000	57	76
	647.000000	58	60
	311.000000	58	55
	523.000000	58	76
	69.100000	60	55
	79.000000	73	76
	93.100000	73	119
	1730.000000	89	76
	215.000000	89	119
	1330.000000	90	73
	296.000000	90	76
	117.000000	92	76
	71.400000	105	119
	61.500000	105	140
	5980.000000	121	122
	89.300000	121	149
	407.000000	121	140
	445.000000	122	124
	232.000000	122	119
	173.000000	122	149
	1120.000000	122	140
	48.600000	137	140
	348.000000	151	137
	4880.000000	151	152
	1130.000000	151	154
	2640.000000	151	140
	1990.000000	152	137
	629.000000	152	154
	805.000000	152	140
	327.000000	152	162
	59.200000	154	140
	84.300000	149	119
	145.000000	198	242
	1040.000000	212	215
	2260.000000	212	201
	547.000000	213	201
	438.000000	213	242
	1380.000000	210	201
	98.600000	228	242
	119.000000	228	263
	7300.000000	244	245
	3070.000000	244	247
	932.000000	244	242
	238.000000	244	263
	553.000000	245	247
	253.000000	245	242
	595.000000	245	263
	52.900000	247	242
	40.700000	247	263
	61.500000	260	233
	83.000000	260	263
	52.400000	260	307
	4650.000000	276	277
	1360.000000	276	279
	1570.000000	276	263
	192.000000	276	307
	2420.000000	277	260
	786.000000	277	279
	161.000000	277	263
	284.000000	277	307
	59.500000	292	307
	90.100000	292	328
	1020.000000	309	312
	1300.000000	309	307
	87.500000	309	337
	1000.000000	310	292
	256.000000	310	307
	446.000000	310	337
	820.000000	310	328
	83.800000	312	307
	61.300000	325	328
	368.000000	342	328
	73.500000	337	307
	57.500000	354	369
	139.000000	354	390
	3350.000000	371	372
	1230.000000	371	374
	577.000000	371	369
	115.000000	371	399
	964.000000	372	374
	94.300000	372	369
	525.000000	372	399
	795.000000	372	390
	27.800000	374	369
	61.400000	387	390
	102.000000	387	431
	4500.000000	401	402
	1070.000000	401	404
	114.000000	401	431
	600.000000	402	390
	296.000000	402	431
	65.600000	404	390
	26.000000	399	369
	48.000000	417	422
	103.000000	417	431
	154.000000	417	452
	4980.000000	433	434
	1610.000000	433	436
	1180.000000	433	431
	206.000000	433	452
	1240.000000	434	417
	544.000000	434	436
	255.000000	434	431
	587.000000	434	452
	104.000000	436	431
	30.900000	436	452
	33.900000	449	422
	82.700000	449	452
	101.000000	449	496
	1130.000000	465	468
	1190.000000	465	452
	480.000000	465	496
	268.000000	466	452
	37.900000	468	496
	125.000000	481	233
	55.700000	481	517
	4980.000000	498	499
	1330.000000	498	501
	1060.000000	498	496
	1190.000000	499	481
	543.000000	499	501
	233.000000	499	496
	603.000000	499	517
	65.600000	501	496
	55.800000	501	517
	21.200000	514	172
	95.900000	514	517
	220.000000	514	561
	6750.000000	530	531
	1410.000000	530	533
	1760.000000	530	517
	182.000000	530	561
	420.000000	531	533
	469.000000	531	561
	93.100000	533	517
	39.900000	533	561
	55.800000	546	172
	61.000000	546	561
	92.500000	546	582
	8060.000000	563	564
	1020.000000	563	561
	265.000000	563	582
	499.000000	564	566
	225.000000	564	561
	598.000000	564	582
	62.100000	566	561
	74.800000	579	582
	94.500000	579	625
	5900.000000	595	596
	1790.000000	595	582
	420.000000	596	582
	653.000000	596	625
	98.900000	611	625
	126.000000	611	646
	143.000000	627	611
	6180.000000	627	628
	70.700000	627	655
	516.000000	627	646
	1340.000000	628	611
	619.000000	628	630
	279.000000	628	625
	103.000000	628	655
	771.000000	628	646
	42.900000	643	616
	123.000000	643	646
	70.400000	643	688
	5690.000000	657	658
	1350.000000	657	660
	2060.000000	657	646
	169.000000	657	688
	576.000000	658	646
	159.000000	658	688
	181.000000	660	646
	97.400000	655	625
	95.700000	673	688
	1070.000000	690	688
	2360.000000	691	673
	131.000000	691	688
