4	3	2120000000.0
4	18	2110000000.0
4	9	192000000.0
7	3	392000000.0
7	4	918000000.0
7	11	224000000.0
21	3	340000000.0
21	18	176000000.0
1	3	311000000.0
1	18	-526000000.0
1	12	116000000.0
2	15	188000000.0
2	5	2530000000.0
2	0	75700000.0
13	15	572000000.0
13	5	1460000000.0
13	0	807000000.0
13	12	123000000.0
16	15	1040000000.0
16	2	-267000000.0
18	3	334000000.0
18	15	27600000.0
14	4	560000000.0
14	15	2130000000.0
14	18	-57600000.0
14	9	3330000000.0
14	5	74300000.0
9	15	1650000000.0
5	15	1250000000.0
19	5	124000000.0
19	0	928000000.0
19	12	39200000.0
8	5	35400000.0
8	0	136000000.0
22	5	808000000.0
22	0	1870000000.0
22	12	66600000.0
0	5	108000000.0
6	20	876000000.0
6	11	805000000.0
17	3	235000000.0
17	20	1330000000.0
17	6	209000000.0
20	3	2100000000.0
10	3	674000000.0
11	3	6380000000.0
