8	0	2120000000.0
8	22	2110000000.0
8	1	192000000.0
15	0	392000000.0
15	8	918000000.0
15	3	224000000.0
14	0	340000000.0
14	22	176000000.0
16	0	311000000.0
16	22	-526000000.0
16	10	116000000.0
6	12	188000000.0
6	21	2530000000.0
6	5	75700000.0
17	12	572000000.0
17	21	1460000000.0
17	5	807000000.0
17	10	123000000.0
9	12	1040000000.0
9	6	-267000000.0
22	0	334000000.0
22	12	27600000.0
18	8	560000000.0
18	12	2130000000.0
18	22	-57600000.0
18	1	3330000000.0
18	21	74300000.0
1	12	1650000000.0
21	12	1250000000.0
2	21	124000000.0
2	5	928000000.0
2	10	39200000.0
4	21	35400000.0
4	5	136000000.0
7	21	808000000.0
7	5	1870000000.0
7	10	66600000.0
5	21	108000000.0
11	19	876000000.0
11	3	805000000.0
20	0	235000000.0
20	19	1330000000.0
20	11	209000000.0
19	0	2100000000.0
13	0	674000000.0
3	0	6380000000.0
