3	22	2120000000.0
3	21	2110000000.0
3	14	192000000.0
6	22	392000000.0
6	3	918000000.0
6	1	224000000.0
8	22	340000000.0
8	21	176000000.0
5	22	311000000.0
5	21	-526000000.0
5	10	116000000.0
19	17	188000000.0
19	18	2530000000.0
19	2	75700000.0
4	17	572000000.0
4	18	1460000000.0
4	2	807000000.0
4	10	123000000.0
9	17	1040000000.0
9	19	-267000000.0
21	22	334000000.0
21	17	27600000.0
11	3	560000000.0
11	17	2130000000.0
11	21	-57600000.0
11	14	3330000000.0
11	18	74300000.0
14	17	1650000000.0
18	17	1250000000.0
7	18	124000000.0
7	2	928000000.0
7	10	39200000.0
13	18	35400000.0
13	2	136000000.0
0	18	808000000.0
0	2	1870000000.0
0	10	66600000.0
2	18	108000000.0
12	15	876000000.0
12	1	805000000.0
20	22	235000000.0
20	15	1330000000.0
20	12	209000000.0
15	22	2100000000.0
16	22	674000000.0
1	22	6380000000.0
