11	15	2120000000.0
11	18	2110000000.0
11	17	192000000.0
12	15	392000000.0
12	11	918000000.0
12	10	224000000.0
14	15	340000000.0
14	18	176000000.0
13	15	311000000.0
13	18	-526000000.0
13	4	116000000.0
19	22	188000000.0
19	5	2530000000.0
19	3	75700000.0
21	22	572000000.0
21	5	1460000000.0
21	3	807000000.0
21	4	123000000.0
20	22	1040000000.0
20	19	-267000000.0
18	15	334000000.0
18	22	27600000.0
16	11	560000000.0
16	22	2130000000.0
16	18	-57600000.0
16	17	3330000000.0
16	5	74300000.0
17	22	1650000000.0
5	22	1250000000.0
0	5	124000000.0
0	3	928000000.0
0	4	39200000.0
1	5	35400000.0
1	3	136000000.0
2	5	808000000.0
2	3	1870000000.0
2	4	66600000.0
3	5	108000000.0
9	6	876000000.0
9	10	805000000.0
8	15	235000000.0
8	6	1330000000.0
8	9	209000000.0
6	15	2100000000.0
7	15	674000000.0
10	15	6380000000.0
