0	10
1	102
2	105
3	110
4	119
5	121
6	122
7	124
8	13
9	134
10	137
11	140
12	149
13	151
14	152
15	154
16	162
17	164
18	167
19	172
20	185
21	192
22	195
23	198
24	201
25	210
26	212
27	213
28	215
29	22
30	225
31	228
32	233
33	24
34	242
35	244
36	245
37	247
38	25
39	260
40	263
41	27
42	276
43	277
44	279
45	289
46	292
47	307
48	309
49	310
50	312
51	325
52	328
53	337
54	342
55	351
56	354
57	369
58	37
59	371
60	372
61	374
62	387
63	390
64	399
65	40
66	401
67	402
68	404
69	414
70	417
71	422
72	431
73	433
74	434
75	436
76	449
77	452
78	465
79	466
80	468
81	478
82	481
83	496
84	498
85	499
86	501
87	514
88	517
89	530
90	531
91	533
92	543
93	546
94	55
95	561
96	563
97	564
98	566
99	57
100	579
101	58
102	582
103	595
104	596
105	598
106	60
107	608
108	611
109	616
110	625
111	627
112	628
113	630
114	643
115	646
116	655
117	657
118	658
119	660
120	673
121	688
122	690
123	691
124	693
125	73
126	76
127	89
128	90
129	92
