9	22	-564000000
2	22	-235000000
9	0	-1320000000
2	0	-124000000
3	0	-101000000
2	9	-667000000
3	9	-457000000
6	7	-32700000
11	7	-123000000
7	10	-702000000
6	10	-46900000
7	8	-544000000
6	8	-123000000
6	5	-344000000
4	5	-5340000000
3	5	-397000000
6	4	-342000000
3	4	-418000000
2	3	-121000000
6	3	-81600000
11	12	-100000000
15	12	-167000000
12	13	-426000000
11	13	-101000000
15	13	-321000000
12	14	-461000000
11	14	-267000000
15	14	-361000000
6	11	-99000000
11	15	-88000000
2	17	-852000000
15	17	-8740000
2	18	-171000000
17	18	-296000000
21	18	-1090000000
16	20	-68100000
15	20	-99700000
17	20	-594000000
21	20	-494000000
2	19	-119000000
17	19	-733000000
21	19	-223000000
2	21	-116000000
6	21	-54600000
3	21	-17600000
12	21	-2480000000
11	21	-83500000
16	21	-164000000
15	21	-98400000
17	21	-158000000
9	1	-38600000
