      Assignment         w1         w2    Dev w1   Dev w2       Volume   Volume Error 

              ?-?      1.224      2.857                                               
              ?-?      1.576      2.839                                               
              ?-?      2.548      3.148                                               
              ?-?      2.545      3.782                                               
         ArgHa-HN      3.542      8.324   +0.003   +0.001  2.12e+009 ga               
      ArgHa-GlyHN      3.542      7.749   +0.003   -0.001  2.11e+009 ga               
      ArgHa-GlyHb      3.547      3.784   +0.008   -0.005  1.92e+008                  
         ArgHb-HN      1.216      8.324   +0.023   +0.001  3.92e+008                  
         ArgHb-Ha      1.182      3.536   -0.011   -0.004  9.18e+008 ga               
      ArgHb-ValMe      1.172      2.537   -0.022   +0.001  2.24e+008 ga               
         ArgHd-Ha      2.845      3.541   +0.000   +0.002  2.42e+008                  
         ArgHg-HN      1.528      8.320   -0.007   -0.003  3.40e+008                  
         ArgHg-Ha      1.554      3.529   +0.019   -0.010                             
      ArgHg-GlyHN      1.529      7.746   -0.006   -0.004  1.76e+008                  
   ArgHg-Phep+mPh      1.528      6.960   -0.007   +0.007  6.26e+007 ga               
        ArgHg'-HN      1.608      8.322   -0.001   -0.001  3.11e+008                  
     ArgHg'-GlyHN      1.611      7.745   +0.002   -0.006 -5.26e+008                  
  ArgHg'-Phep+mPh      1.608      6.960   -0.001   +0.006  1.16e+008 ga               
         AspHa-HN      4.161      8.416   +0.001   -0.007  1.88e+008 ga               
      AspHa-PheHN      4.164      7.920   +0.003   -0.002  2.53e+009 ga               
     AspHa-PheoPh      4.161      6.903   +0.000   +0.002  7.57e+007 ga               
         AspHb-HN      2.545      8.425   -0.042   +0.002  5.72e+008 ga               
         AspHb-Ha      2.551      4.161   -0.036   +0.000                             
      AspHb-PheHN      2.616      7.917   +0.029   -0.005  1.46e+009                  
     AspHb-PheoPh      2.611      6.901   +0.024   -0.000  8.07e+008 ga               
   AspHb-Phep+mPh      2.611      6.950   +0.024   -0.004  1.23e+008 ga               
        AspHb'-HN      2.311      8.426   -0.003   +0.003  1.04e+009 ga               
        AspHb'-Ha      2.317      4.156   +0.003   -0.005 -2.67e+008 ga               
      GlyHN-ArgHN      7.754      8.325   +0.003   +0.001  3.34e+008 ga               
      GlyHN-AspHN      7.754      8.419   +0.003   -0.004  2.76e+007 ga               
      GlyHN-PheHN      7.755      7.922   +0.004   +0.000                             
      GlyHa-ArgHa      3.149      3.540   -0.004   +0.000  5.60e+008 ga               
      GlyHa-AspHN      3.152      8.426   -0.000   +0.003  2.13e+009 ga               
         GlyHa-HN      3.156      7.749   +0.003   -0.002 -5.76e+007 ga               
         GlyHa-Hb      3.152      3.787   -0.001   -0.002  3.33e+009                  
      GlyHa-PheHN      3.154      7.921   +0.001   -0.000  7.43e+007                  
      GlyHb-AspHN      3.787      8.425   -0.001   +0.001  1.65e+009 ga               
         GlyHb-HN      3.796      7.753   +0.007   +0.002                             
      PheHN-ArgHN      7.922      8.326   +0.000   +0.003                             
      PheHN-AspHN      7.926      8.425   +0.004   +0.002  1.25e+009 ga               
         PheHa-HN      4.833      7.920   -0.001   -0.002  1.24e+008 ga               
        PheHa-oPh      4.831      6.896   -0.002   -0.005  9.28e+008                  
      PheHa-p+mPh      4.837      6.948   +0.003   -0.005  3.92e+007 ga               
      PheHb-ArgHa      2.545      3.539   +0.005   -0.000                             
         PheHb-HN      2.537      7.931   -0.003   +0.009  3.54e+007 ga               
        PheHb-oPh      2.539      6.904   -0.001   +0.004  1.36e+008 ga               
        PheHb'-HN      2.688      7.917   +0.000   -0.004  8.08e+008                  
       PheHb'-oPh      2.684      6.896   -0.004   -0.005  1.87e+009                  
     PheHb'-p+mPh      2.692      6.951   +0.004   -0.003  6.66e+007 ga               
        PheoPh-HN      6.901      7.923   +0.001   +0.001  1.08e+008                  
   ValCHMe-PheoPh      0.245      6.904   +0.001   +0.003                             
       ValCHMe-Ha      0.242      4.036   -0.002   +0.001  8.76e+008 ga               
       ValCHMe-Hb      0.245      1.727   +0.001   -0.000                             
       ValCHMe-Me      0.245      2.535   +0.000   -0.001  8.05e+008 ga               
   ValCHMe'-ArgHN      0.527      8.321   -0.003   -0.002  2.35e+008                  
   ValCHMe'-ArgHb      0.528      1.204   -0.001   +0.010                             
      ValCHMe'-Ha      0.529      4.035   -0.001   +0.000  1.33e+009 ga               
      ValCHMe'-Hb      0.533      1.725   +0.003   -0.002                             
      ValCHMe'-Me      0.531      2.534   +0.001   -0.001  2.09e+008 ga               
      ValHa-ArgHN      4.039      8.325   +0.004   +0.002  2.10e+009 ga               
      ValHb-ArgHN      1.728      8.321   +0.001   -0.002  6.74e+008                  
         ValHb-Ha      1.728      4.029   +0.001   -0.006                             
      ValMe-ArgHN      2.537      8.324   +0.001   +0.001  6.38e+009 ga               
   ValMe-Phep+mPh      2.534      6.951   -0.002   -0.003  3.85e+007 ga               
         ValMe-Ha      2.537      4.035   +0.001   +0.000                             
