12	HA	0.141	1.385	0.745
13	HB2	-0.968	1.943	-1.390
14	HB3	0.503	1.613	-2.256
15	HD1	-1.124	3.861	0.232
16	HD2	2.345	3.234	-2.267
17	HE1	-0.394	6.196	0.652
18	HE2	3.067	5.571	-1.843
19	HZ	1.701	7.055	-0.383
20	H	0.560	-1.038	-0.845
28	HA	4.605	0.900	0.376
29	HB	4.350	1.005	3.408
30	HG11	6.734	1.554	1.595
31	HG12	6.578	0.229	2.747
32	HG13	6.665	1.877	3.324
33	HG21	3.271	3.020	2.375
34	HG22	4.706	3.288	1.400
35	HG23	4.782	3.442	3.152
37	HCN1	1.444	1.526	2.715
38	HCN2	2.392	0.146	3.251
39	HCN3	0.994	-0.125	2.271
51	HA	5.692	-3.040	-0.878
52	HB3	6.531	-4.539	0.891
53	HB2	5.883	-3.510	2.128
54	HG3	7.384	-1.636	1.320
55	HG2	8.016	-2.697	0.089
56	HD3	8.867	-4.256	1.897
57	HD2	8.229	-3.170	3.101
58	HE	9.770	-1.510	2.563
59	HH12	12.080	-4.069	0.384
60	HH11	10.448	-4.485	0.719
61	HH22	12.948	-2.015	1.182
62	HH21	11.960	-0.959	2.098
63	H	4.838	-1.034	-0.546
68	HA2	1.274	-4.403	1.789
69	HA3	1.673	-5.255	0.308
70	H	3.165	-2.962	1.534
79	HA	-1.560	-2.472	-1.244
80	HB3	-3.684	-2.013	-0.033
81	HB2	-2.937	-2.374	1.499
82	H	-0.793	-3.724	1.190
