12	HA	0.151	1.886	0.907
13	HB2	-1.092	2.068	-1.316
14	HB3	0.334	1.566	-2.179
15	HD1	-1.018	4.296	0.015
16	HD2	1.947	3.214	-2.902
17	HE1	-0.445	6.667	-0.283
18	HE2	2.527	5.592	-3.183
19	HZ	1.329	7.325	-1.880
20	H	0.747	-0.769	0.123
28	HA	4.443	2.281	0.368
29	HB	4.104	1.726	3.295
30	1HG1	6.585	2.719	1.824
31	2HG1	6.411	1.175	2.680
32	3HG1	6.379	2.696	3.596
33	1HG2	3.006	3.783	2.519
34	2HG2	4.510	4.324	1.748
35	3HG2	4.431	4.186	3.516
37	1HCN	0.920	2.384	2.066
38	2HCN	2.160	2.278	3.205
39	3HCN	1.418	0.791	2.703
51	HA	5.249	-2.145	0.495
52	HB3	5.473	-3.633	2.560
53	HB2	4.620	-2.368	3.465
54	HG3	6.351	-0.727	2.870
55	HG2	7.212	-1.958	1.925
56	HD3	8.349	-1.903	4.017
57	HD2	7.318	-3.346	4.088
58	HE	5.833	-1.137	5.095
59	2HH1	8.416	-3.005	7.664
60	1HH1	8.605	-3.177	5.915
61	2HH2	6.676	-1.701	8.518
62	1HH2	5.561	-0.893	7.411
63	H	3.102	-0.669	1.880
68	HA2	1.380	-4.444	0.463
69	HA3	1.899	-4.441	-1.234
70	H	2.894	-2.134	-0.694
79	HA	-1.951	-2.089	-1.097
80	HB3	-2.860	-3.096	0.964
81	HB2	-3.567	-1.507	0.608
82	H	-0.135	-2.653	1.177
