12	HA	-0.310	1.813	0.888
13	HB2	-1.468	2.021	-1.310
14	HB3	-0.054	1.453	-2.143
15	HD1	-1.414	4.220	-0.029
16	HD2	1.812	2.950	-2.610
17	HE1	-0.544	6.544	-0.094
18	HE2	2.674	5.277	-2.669
19	HZ	1.501	7.076	-1.410
20	H	-0.026	-0.741	-0.618
28	HA	4.015	1.789	-0.117
29	HB	4.245	2.375	2.865
30	HG11	6.383	2.686	0.734
31	HG12	6.466	1.678	2.177
32	HG13	6.431	3.417	2.334
33	HG21	2.891	4.061	1.507
34	HG22	4.267	4.248	0.444
35	HG23	4.386	4.726	2.132
37	HCN1	1.469	2.701	2.548
38	HCN2	2.410	1.362	3.219
39	HCN3	0.844	1.061	2.586
51	HA	5.361	-2.370	1.468
52	HB3	4.591	-3.834	3.238
53	HB2	3.156	-2.932	3.525
54	HG3	5.998	-1.852	3.930
55	HG2	5.103	-2.668	5.171
56	HD3	4.384	0.049	3.970
57	HD2	5.011	-0.275	5.538
58	HE	2.299	-1.111	4.515
59	HH12	3.028	-0.100	8.418
60	HH11	4.346	-0.138	7.319
61	HH22	0.833	-0.663	7.658
62	HH21	0.606	-1.118	5.975
63	H	2.914	-0.730	2.087
68	HA2	2.153	-4.300	-1.253
69	HA3	2.073	-2.792	-2.137
70	H	3.056	-1.602	-0.352
79	HA	-1.797	-2.721	0.746
80	HB3	-0.651	-3.624	2.830
81	HB2	-1.853	-2.418	3.159
82	H	1.124	-2.502	1.155
