12	HA	-0.232	1.636	0.980
13	HB2	-1.556	2.071	-1.098
14	HB3	-0.185	1.643	-2.077
15	HD1	-1.519	4.143	0.346
16	HD2	1.615	3.237	-2.489
17	HE1	-0.751	6.503	0.431
18	HE2	2.370	5.598	-2.402
19	HZ	1.194	7.234	-0.940
20	H	0.079	-0.796	-0.533
28	HA	4.136	0.767	-0.192
29	HB	4.796	2.947	1.803
30	HG11	6.470	1.660	-0.390
31	HG12	6.697	1.452	1.345
32	HG13	6.953	3.020	0.614
33	HG21	3.443	3.987	-0.001
34	HG22	4.410	3.177	-1.226
35	HG23	5.125	4.417	-0.201
37	HCN1	1.431	3.364	1.382
38	HCN2	2.766	2.961	2.434
39	HCN3	1.315	2.018	2.528
51	HA	5.579	-0.772	-0.273
52	HB3	6.821	-2.916	-0.126
53	HB2	6.285	-3.153	1.514
54	HG3	7.501	-1.055	2.203
55	HG2	7.996	-0.797	0.555
56	HD3	8.730	-3.299	2.158
57	HD2	9.738	-1.884	2.098
58	HE	9.122	-3.765	-0.088
59	HH12	12.012	-0.912	-0.470
60	HH11	10.933	-0.845	0.863
61	HH22	11.795	-2.653	-2.061
62	HH21	10.580	-3.844	-1.877
63	H	5.042	-1.415	2.574
68	HA2	2.071	-4.539	0.698
69	HA3	1.880	-3.558	-0.755
70	H	3.139	-2.328	1.619
79	HA	-2.334	-2.409	-0.116
80	HB3	-3.159	-2.199	2.226
81	HB2	-1.563	-2.507	2.841
82	H	-0.374	-3.337	-0.591
