12	HA	0.151	1.886	0.907
13	HB2	-1.092	2.072	-1.313
14	HB3	0.329	1.563	-2.179
15	HD1	-1.008	4.303	0.011
16	HD2	1.950	3.202	-2.906
17	HE1	-0.425	6.671	-0.293
18	HE2	2.540	5.578	-3.193
19	HZ	1.350	7.318	-1.892
20	H	0.748	-0.769	0.122
28	HA	4.534	2.266	0.257
29	HB	4.068	2.118	3.215
30	1HG1	6.675	2.662	1.727
31	2HG1	6.318	1.263	2.758
32	3HG1	6.425	2.882	3.480
33	1HG2	3.212	4.163	2.155
34	2HG2	4.782	4.448	1.380
35	3HG2	4.647	4.541	3.148
37	1HCN	1.019	3.075	1.597
38	2HCN	2.224	3.190	2.773
39	3HCN	1.323	1.707	2.706
51	HA	4.754	-2.207	0.871
52	HB3	4.305	-2.120	3.885
53	HB2	5.786	-1.572	3.076
54	HG3	6.055	-3.859	2.092
55	HG2	4.658	-4.396	3.045
56	HD3	5.854	-3.708	5.137
57	HD2	7.278	-3.307	4.156
58	HE	6.556	-5.926	3.446
59	2HH1	8.445	-5.556	7.058
60	1HH1	7.628	-4.172	6.325
61	2HH2	8.448	-7.616	5.958
62	1HH2	7.634	-7.778	4.398
63	H	2.837	-0.325	2.033
68	HA2	1.042	-4.500	1.476
69	HA3	1.582	-5.030	-0.128
70	H	2.852	-2.925	-0.323
79	HA	-1.794	-2.161	-1.052
80	HB3	-3.047	-3.014	0.886
81	HB2	-3.660	-1.447	0.324
82	H	-0.126	-2.198	1.433
