12	HA	0.061	1.178	0.806
13	HB2	-1.285	2.190	-0.996
14	HB3	-0.014	1.891	-2.147
15	HD1	-0.897	3.789	0.955
16	HD2	1.863	3.417	-2.349
17	HE1	0.125	5.970	1.556
18	HE2	2.874	5.600	-1.745
19	HZ	2.011	6.878	0.210
20	H	0.109	-0.934	-1.164
28	HA	4.360	0.738	-0.762
29	HB	5.050	1.809	2.001
30	HG11	6.715	1.564	-0.530
31	HG12	6.963	0.704	0.990
32	HG13	7.189	2.434	0.924
33	HG21	3.663	3.509	0.788
34	HG22	4.684	3.334	-0.630
35	HG23	5.337	4.009	0.858
37	HCN1	1.823	2.391	1.873
38	HCN2	3.087	1.440	2.637
39	HCN3	1.563	0.698	2.326
51	HA	5.453	-3.403	-0.784
52	HB3	6.472	-4.317	1.267
53	HB2	6.005	-2.913	2.168
54	HG3	7.427	-1.502	0.595
55	HG2	7.889	-2.961	-0.244
56	HD3	8.911	-3.847	1.886
57	HD2	8.439	-2.367	2.709
58	HE	9.929	-1.737	0.368
59	HH12	12.060	-2.550	3.750
60	HH11	10.428	-3.068	3.631
61	HH22	13.044	-1.365	1.944
62	HH21	12.130	-1.027	0.537
63	H	4.698	-1.339	-1.025
68	HA2	1.214	-4.302	1.153
69	HA3	1.428	-5.150	-0.382
70	H	2.702	-2.693	-0.683
79	HA	-2.057	-2.308	-1.397
80	HB3	-4.004	-1.922	0.127
81	HB2	-3.082	-2.478	1.497
82	H	-0.953	-3.666	0.910
