12	HA	0.151	1.886	0.907
13	HB2	-1.092	2.065	-1.318
14	HB3	0.337	1.568	-2.179
15	HD1	-1.022	4.291	0.021
16	HD2	1.941	3.222	-2.903
17	HE1	-0.454	6.664	-0.273
18	HE2	2.515	5.602	-3.180
19	HZ	1.315	7.329	-1.871
20	H	0.753	-0.771	-0.066
28	HA	4.484	1.416	0.360
29	HB	4.016	0.603	3.208
30	1HG1	6.595	1.594	1.914
31	2HG1	6.311	-0.013	2.610
32	3HG1	6.327	1.412	3.669
33	1HG2	3.055	2.782	2.605
34	2HG2	4.610	3.311	1.935
35	3HG2	4.463	3.009	3.678
37	1HCN	0.894	0.773	2.239
38	2HCN	2.109	-0.093	3.026
39	3HCN	1.355	-0.853	1.659
51	HA	4.995	-2.892	-0.367
52	HB3	4.870	-4.833	1.196
53	HB2	3.775	-3.905	2.238
54	HG3	5.982	-3.711	3.180
55	HG2	5.562	-2.145	2.458
56	HD3	6.861	-2.712	0.428
57	HD2	7.291	-4.281	1.138
58	HE	8.388	-1.651	1.842
59	2HH1	9.259	-5.056	3.940
60	1HH1	7.911	-5.023	2.799
61	2HH2	10.556	-3.139	4.256
62	1HH2	10.182	-1.669	3.351
63	H	2.758	-1.522	0.951
68	HA2	1.056	-4.646	-1.603
69	HA3	1.331	-3.525	-2.950
70	H	2.340	-1.960	-1.233
79	HA	-2.360	-1.968	-0.717
80	HB3	-2.953	-1.540	1.653
81	HB2	-1.304	-1.988	2.130
82	H	0.269	-2.732	0.434
