12	HA	0.151	1.886	0.907
13	HB2	-1.086	2.013	-1.351
14	HB3	0.389	1.602	-2.179
15	HD1	0.694	3.821	0.754
16	HD2	0.062	3.743	-3.496
17	HE1	1.136	6.236	0.644
18	HE2	0.521	6.162	-3.601
19	HZ	1.053	7.416	-1.531
20	H	0.755	-0.772	0.006
28	HA	4.503	2.401	0.431
29	HB	4.081	1.524	3.267
30	1HG1	6.645	2.516	1.947
31	2HG1	6.356	0.896	2.609
32	3HG1	6.410	2.295	3.701
33	1HG2	3.134	3.728	2.736
34	2HG2	4.682	4.255	2.049
35	3HG2	4.565	3.912	3.786
37	1HCN	0.984	2.816	1.819
38	2HCN	2.199	2.821	2.989
39	3HCN	1.348	1.329	2.739
51	HA	4.987	-2.099	0.215
52	HB3	5.982	-3.556	2.032
53	HB2	5.454	-2.346	3.216
54	HG3	6.800	-0.617	2.060
55	HG2	7.363	-1.838	0.902
56	HD3	8.499	-3.087	2.636
57	HD2	7.788	-2.072	3.907
58	HE	9.314	-0.387	3.472
59	2HH1	10.900	-2.236	0.183
60	1HH1	9.430	-2.856	0.941
61	2HH2	11.950	-0.345	1.064
62	1HH2	11.267	0.455	2.484
63	H	3.523	-0.594	2.297
68	HA2	1.215	-4.166	1.565
69	HA3	1.639	-4.944	0.028
70	H	2.731	-2.603	-0.466
79	HA	-1.694	-2.092	-1.092
80	HB3	-3.661	-1.375	0.231
81	HB2	-2.753	-1.684	1.724
82	H	-0.345	-2.386	1.562
