12	HA	0.355	1.723	1.173
13	HB2	-1.340	2.156	-0.599
14	HB3	-0.102	2.085	-1.816
15	HD1	-1.410	4.012	1.087
16	HD2	1.411	3.988	-2.188
17	HE1	-0.970	6.430	1.439
18	HE2	1.842	6.404	-1.828
19	HZ	0.658	7.629	-0.013
20	H	0.850	-0.548	-0.469
28	HA	4.565	2.007	-0.705
29	HB	5.207	3.541	1.842
30	HG11	6.722	3.287	-0.778
31	HG12	7.237	2.699	0.800
32	HG13	7.112	4.415	0.514
33	HG21	3.463	4.833	0.559
34	HG22	4.405	4.641	-0.908
35	HG23	5.024	5.603	0.429
37	HCN1	1.778	3.575	1.755
38	HCN2	3.276	3.174	2.562
39	HCN3	1.989	2.021	2.572
51	HA	5.512	-1.474	2.285
52	HB3	4.288	-2.125	4.378
53	HB2	3.152	-0.818	4.164
54	HG3	5.018	0.832	4.497
55	HG2	6.156	-0.486	4.631
56	HD3	4.968	-1.312	6.683
57	HD2	3.795	-0.014	6.521
58	HE	6.431	1.060	6.544
59	HH12	4.668	0.397	10.162
60	HH11	4.067	-0.403	8.767
61	HH22	6.511	1.879	9.956
62	HH21	7.230	2.150	8.427
63	H	3.444	0.693	2.159
68	HA2	1.909	-4.852	2.281
69	HA3	2.238	-4.227	0.678
70	H	3.404	-3.357	3.171
79	HA	-1.237	-2.130	-0.738
80	HB3	-2.327	-2.566	2.064
81	HB2	-2.365	-3.755	0.782
82	H	0.731	-2.955	-0.232
