12	HA	0.151	1.886	0.907
13	HB2	-1.092	2.066	-1.317
14	HB3	0.335	1.567	-2.179
15	HD1	-0.987	4.287	0.053
16	HD2	1.911	3.224	-2.937
17	HE1	-0.418	6.660	-0.240
18	HE2	2.486	5.604	-3.214
19	HZ	1.319	7.328	-1.871
20	H	-0.009	-0.484	0.965
28	HA	4.474	2.296	-0.071
29	HB	4.129	3.065	2.806
30	1HG1	6.636	3.249	1.079
31	2HG1	6.413	2.230	2.514
32	3HG1	6.436	3.997	2.686
33	1HG2	3.098	4.622	1.210
34	2HG2	4.615	4.731	0.298
35	3HG2	4.539	5.370	1.952
37	1HCN	0.964	3.246	1.344
38	2HCN	2.203	3.631	2.421
39	3HCN	1.409	2.103	2.643
51	HA	5.340	-1.524	2.120
52	HB3	4.384	-2.718	4.133
53	HB2	3.171	-1.430	4.259
54	HG3	4.968	0.254	4.502
55	HG2	6.184	-1.035	4.409
56	HD3	4.006	-0.892	6.535
57	HD2	5.678	-0.342	6.768
58	HE	4.722	-3.117	6.612
59	2HH1	8.688	-2.125	6.815
60	1HH1	7.472	-0.897	6.445
61	2HH2	8.028	-4.333	7.191
62	1HH2	6.317	-4.764	7.104
63	H	2.970	0.256	2.413
68	HA2	0.643	-4.060	2.279
69	HA3	2.058	-4.671	1.400
70	H	1.950	-2.345	3.102
79	HA	-0.501	-2.664	-1.710
80	HB3	-2.758	-1.620	-1.678
81	HB2	-2.655	-1.505	0.090
82	H	-0.704	-2.359	1.236
