12	HA	0.151	1.886	0.907
13	HB2	0.271	1.527	-2.173
14	HB3	0.593	3.054	-1.402
15	HD1	-1.819	1.948	0.749
16	HD2	-1.496	2.971	-3.413
17	HE1	-4.242	2.352	0.660
18	HE2	-3.924	3.389	-3.490
19	HZ	-5.303	3.075	-1.456
20	H	-0.151	-0.430	0.978
28	HA	4.530	2.170	0.354
29	HB	4.066	1.795	3.293
30	1HG1	6.673	2.449	1.849
31	2HG1	6.314	0.975	2.769
32	3HG1	6.424	2.533	3.614
33	1HG2	3.213	3.917	2.394
34	2HG2	4.783	4.259	1.642
35	3HG2	4.649	4.215	3.411
37	1HCN	1.011	2.827	1.827
38	2HCN	2.213	2.776	3.010
39	3HCN	1.316	1.316	2.731
51	HA	4.582	-2.325	0.377
52	HB3	4.356	-2.641	3.398
53	HB2	5.773	-1.945	2.587
54	HG3	4.696	-4.695	1.893
55	HG2	5.918	-4.437	3.154
56	HD3	6.217	-3.575	0.245
57	HD2	6.956	-5.020	0.964
58	HE	7.728	-2.950	2.643
59	2HH1	9.554	-2.830	-1.019
60	1HH1	8.023	-3.686	-0.805
61	2HH2	10.546	-1.758	0.804
62	1HH2	9.760	-1.808	2.385
63	H	2.776	-0.553	1.797
68	HA2	1.076	-4.991	1.289
69	HA3	1.705	-5.746	-0.189
70	H	3.485	-4.245	-0.201
79	HA	-1.037	-2.539	-1.830
80	HB3	-2.803	-1.190	-0.732
81	HB2	-1.966	-1.384	0.821
82	H	0.371	-2.484	0.810
