12	HA	-0.291	1.522	1.481
13	HB2	-1.547	2.018	-0.622
14	HB3	-0.129	1.693	-1.573
15	HD1	-1.522	3.946	1.084
16	HD2	1.523	3.419	-1.939
17	HE1	-0.828	6.312	1.362
18	HE2	2.205	5.787	-1.656
19	HZ	1.037	7.236	-0.003
20	H	-0.600	-0.504	-0.638
28	HA	4.059	1.738	-0.004
29	HB	4.605	2.825	2.787
30	HG11	6.296	2.896	0.261
31	HG12	6.659	2.006	1.736
32	HG13	6.647	3.753	1.756
33	HG21	3.001	4.348	1.557
34	HG22	4.076	4.342	0.173
35	HG23	4.588	5.068	1.691
37	HCN1	1.272	3.032	2.472
38	HCN2	2.642	2.358	3.343
39	HCN3	1.262	1.365	3.066
51	HA	6.141	-1.971	-0.103
52	HB3	6.655	-3.203	1.946
53	HB2	5.705	-2.115	2.900
54	HG3	7.250	-0.228	2.258
55	HG2	8.171	-1.331	1.262
56	HD3	8.711	-2.695	3.322
57	HD2	7.805	-1.547	4.296
58	HE	9.721	-0.141	2.753
59	HH12	11.065	-1.793	6.232
60	HH11	9.612	-2.371	5.525
61	HH22	12.263	-0.039	5.173
62	HH21	11.681	0.643	3.715
63	H	5.016	-0.080	-0.295
68	HA2	2.204	-4.111	-0.626
69	HA3	1.264	-2.648	-0.640
70	H	2.988	-1.423	0.258
79	HA	-0.842	-2.674	-0.213
80	HB3	-3.029	-2.041	0.907
81	HB2	-2.473	-2.781	2.384
82	H	-0.306	-3.797	2.460
