12	HA	0.128	1.393	1.255
13	HB2	-0.087	1.881	-1.770
14	HB3	0.244	3.116	-0.595
15	HD1	-1.475	3.714	1.177
16	HD2	-2.364	1.109	-2.155
17	HE1	-3.904	4.082	1.530
18	HE2	-4.789	1.484	-1.794
19	HZ	-5.565	2.969	0.047
20	H	-0.239	-0.427	-1.067
28	HA	4.422	1.317	-0.501
29	HB	5.260	1.457	2.419
30	HG11	6.860	1.883	-0.132
31	HG12	7.049	0.553	1.006
32	HG13	7.435	2.182	1.502
33	HG21	4.033	3.586	1.797
34	HG22	5.035	3.729	0.364
35	HG23	5.749	3.870	1.965
37	HCN1	1.857	2.458	2.354
38	HCN2	3.242	1.587	2.966
39	HCN3	1.795	0.710	2.629
51	HA	6.271	-2.533	-1.259
52	HB3	6.171	-4.310	0.391
53	HB2	5.100	-3.407	1.404
54	HG3	6.881	-1.680	1.768
55	HG2	7.948	-2.521	0.680
56	HD3	6.803	-3.782	3.235
57	HD2	8.325	-2.913	3.181
58	HE	8.376	-4.840	1.133
59	HH12	9.301	-6.193	4.869
60	HH11	8.422	-4.729	4.689
61	HH22	9.964	-7.401	2.935
62	HH21	9.569	-6.815	1.377
63	H	5.557	-0.461	-1.043
68	HA2	2.548	-3.901	-3.240
69	HA3	2.149	-2.244	-3.613
70	H	3.459	-1.438	-1.833
79	HA	-1.149	-2.605	-0.524
80	HB3	0.532	-3.909	1.658
81	HB2	-0.416	-4.753	0.454
82	H	1.804	-2.383	-0.353
