12	HA	-0.146	1.565	1.194
13	HB2	-1.751	2.709	-0.344
14	HB3	-0.543	2.749	-1.591
15	HD1	-1.406	4.006	1.824
16	HD2	1.093	4.531	-1.662
17	HE1	-0.639	6.200	2.697
18	HE2	1.845	6.726	-0.787
19	HZ	0.987	7.563	1.395
20	H	-0.187	-0.112	-1.167
28	HA	4.029	1.495	-0.792
29	HB	4.892	2.898	1.736
30	HG11	6.225	2.608	-0.987
31	HG12	6.744	1.830	0.507
32	HG13	6.820	3.572	0.358
33	HG21	3.224	4.355	0.647
34	HG22	3.986	4.113	-0.921
35	HG23	4.827	4.987	0.357
37	HCN1	1.561	3.091	2.023
38	HCN2	3.029	2.375	2.642
39	HCN3	1.599	1.400	2.551
51	HA	3.932	-0.377	-1.664
52	HB3	5.309	-2.116	-2.775
53	HB2	5.987	-2.605	-1.246
54	HG3	7.024	-0.338	-0.976
55	HG2	6.295	0.178	-2.478
56	HD3	7.608	-1.567	-3.716
57	HD2	8.337	-2.091	-2.206
58	HE	8.759	0.670	-2.399
59	HH12	11.269	-1.602	-4.675
60	HH11	9.779	-2.263	-4.139
61	HH22	11.838	0.626	-4.084
62	HH21	10.768	1.565	-3.134
63	H	4.968	-1.615	0.860
68	HA2	1.142	-3.871	-1.032
69	HA3	1.134	-3.788	-2.787
70	H	2.249	-1.520	-2.533
79	HA	-2.647	-1.382	-1.470
80	HB3	-3.439	-3.321	-0.156
81	HB2	-4.005	-1.841	0.550
82	H	-0.712	-3.089	-0.085
