12	HA	0.151	1.886	0.907
13	HB2	-1.086	2.011	-1.352
14	HB3	0.390	1.603	-2.179
15	HD1	-1.164	4.210	0.033
16	HD2	1.928	3.349	-2.826
17	HE1	-0.708	6.614	-0.199
18	HE2	2.389	5.760	-3.041
19	HZ	1.069	7.399	-1.733
20	H	0.753	-0.771	-0.057
28	HA	4.492	1.429	0.228
29	HB	4.056	2.368	3.042
30	1HG1	6.624	2.425	1.397
31	2HG1	6.339	1.494	2.879
32	3HG1	6.377	3.268	2.950
33	1HG2	3.100	3.839	1.323
34	2HG2	4.649	3.880	0.460
35	3HG2	4.523	4.614	2.071
37	1HCN	0.922	1.856	2.260
38	2HCN	2.147	1.436	3.341
39	3HCN	1.376	0.142	2.477
51	HA	4.939	-2.635	1.852
52	HB3	4.833	-3.294	4.301
53	HB2	3.930	-1.797	4.601
54	HG3	5.812	-0.468	3.693
55	HG2	6.732	-1.962	3.426
56	HD3	6.676	-2.455	5.849
57	HD2	5.747	-0.970	6.135
58	HE	8.109	-0.312	4.675
59	2HH1	8.395	-0.629	8.746
60	1HH1	7.051	-1.378	7.878
61	2HH2	10.025	0.553	7.561
62	1HH2	9.903	0.691	5.804
63	H	2.725	-0.792	2.033
68	HA2	0.757	-4.431	2.146
69	HA3	1.452	-5.115	0.664
70	H	2.571	-2.748	0.487
79	HA	-1.627	-2.176	-0.895
80	HB3	-3.158	-3.029	0.822
81	HB2	-3.689	-1.461	0.182
82	H	-0.301	-2.108	1.785
