12	HA	0.287	1.731	0.436
13	HB2	-0.861	2.062	-1.776
14	HB3	0.672	1.900	-2.569
15	HD1	-1.297	3.928	-0.127
16	HD2	2.223	3.791	-2.629
17	HE1	-0.928	6.355	0.250
18	HE2	2.582	6.218	-2.250
19	HZ	1.009	7.504	-0.810
20	H	0.823	-0.749	-1.022
28	HA	4.757	1.512	0.272
29	HB	4.500	0.713	3.201
30	HG11	6.848	1.887	1.674
31	HG12	6.772	0.298	2.430
32	HG13	6.747	1.734	3.424
33	HG21	3.316	2.906	2.787
34	HG22	4.742	3.504	1.958
35	HG23	4.800	3.141	3.678
37	HCN1	1.484	1.550	2.491
38	HCN2	2.497	0.172	2.895
39	HCN3	1.158	-0.048	1.833
51	HA	4.807	-3.095	-0.191
52	HB3	3.394	-4.896	0.864
53	HB2	2.465	-3.696	1.725
54	HG3	4.569	-3.021	2.970
55	HG2	5.473	-4.179	2.044
56	HD3	5.054	-5.254	4.105
57	HD2	3.923	-6.021	3.008
58	HE	2.575	-3.843	4.098
59	HH12	3.025	-6.919	6.739
60	HH11	4.059	-6.815	5.372
61	HH22	1.357	-5.265	7.069
62	HH21	1.190	-3.975	5.957
63	H	2.922	-1.191	1.152
68	HA2	0.861	-5.025	-2.484
69	HA3	1.609	-3.662	-3.284
70	H	2.430	-4.790	-0.837
79	HA	-2.302	-1.970	-1.104
80	HB3	-2.701	-1.673	1.405
81	HB2	-1.150	-2.399	1.719
82	H	0.279	-3.098	-0.130
