12	HA	0.151	1.886	0.907
13	HB2	0.309	1.548	-2.175
14	HB3	0.563	3.075	-1.378
15	HD1	-1.932	0.580	-2.419
16	HD2	-1.384	4.306	-0.348
17	HE1	-4.327	1.071	-2.668
18	HE2	-3.790	4.784	-0.588
19	HZ	-5.266	3.171	-1.754
20	H	-0.003	-0.486	-0.964
28	HA	4.454	2.364	0.303
29	HB	4.116	1.909	3.247
30	1HG1	6.608	2.816	1.738
31	2HG1	6.412	1.304	2.644
32	3HG1	6.407	2.853	3.511
33	1HG2	3.047	3.956	2.408
34	2HG2	4.556	4.450	1.616
35	3HG2	4.481	4.370	3.388
37	1HCN	0.938	2.663	1.909
38	2HCN	2.175	2.683	3.055
39	3HCN	1.406	1.157	2.748
51	HA	5.396	-2.006	0.788
52	HB3	4.918	-3.635	2.659
53	HB2	3.718	-2.488	3.285
54	HG3	5.484	-0.753	3.489
55	HG2	6.688	-1.932	2.931
56	HD3	6.248	-3.372	4.867
57	HD2	4.962	-2.280	5.419
58	HE	7.368	-0.780	5.076
59	2HH1	6.824	-2.769	8.613
60	1HH1	5.910	-3.230	7.172
61	2HH2	8.356	-1.010	8.499
62	1HH2	8.593	-0.150	6.974
63	H	2.959	-0.533	1.648
68	HA2	1.616	-5.561	1.244
69	HA3	2.269	-5.098	-0.340
70	H	3.031	-4.029	2.241
79	HA	-1.146	-2.196	-0.166
80	HB3	-1.654	-2.183	2.827
81	HB2	-2.226	-3.435	1.707
82	H	0.836	-2.755	1.992
