12	HA	0.000	2.168	0.578
13	HB2	-1.255	2.088	-1.569
14	HB3	0.233	1.823	-2.425
15	HD1	-1.669	4.222	-0.292
16	HD2	1.756	3.693	-2.872
17	HE1	-1.325	6.681	-0.348
18	HE2	2.092	6.152	-2.924
19	HZ	0.555	7.649	-1.661
20	H	0.699	-0.479	-0.362
28	HA	4.497	1.988	0.128
29	HB	4.010	3.513	2.673
30	HG11	6.207	3.768	0.563
31	HG12	6.423	3.158	2.200
32	HG13	5.986	4.832	1.946
33	HG21	2.446	4.419	0.989
34	HG22	3.728	4.484	-0.213
35	HG23	3.776	5.532	1.201
37	HCN1	1.237	2.652	2.407
38	HCN2	2.466	1.678	3.173
39	HCN3	1.147	0.886	2.345
51	HA	4.480	-0.002	-0.705
52	HB3	5.451	-2.163	-1.460
53	HB2	5.968	-2.532	0.160
54	HG3	7.478	-0.496	0.118
55	HG2	6.905	-0.122	-1.481
56	HD3	9.024	-1.239	-1.754
57	HD2	7.789	-2.360	-2.291
58	HE	8.507	-2.588	0.526
59	HH12	10.247	-5.074	-2.198
60	HH11	9.438	-3.659	-2.737
61	HH22	10.321	-5.562	0.124
62	HH21	9.560	-4.518	1.247
63	H	5.576	-0.934	1.915
68	HA2	2.234	-3.715	2.506
69	HA3	1.952	-3.928	0.790
70	H	3.814	-2.109	2.063
79	HA	-1.798	-2.053	-0.373
80	HB3	-3.322	-1.475	1.505
81	HB2	-2.032	-1.687	2.650
82	H	0.199	-2.961	-0.109
