12	HA	0.151	1.886	0.907
13	HB2	-1.071	1.936	-1.402
14	HB3	0.463	1.658	-2.176
15	HD1	0.995	3.717	0.715
16	HD2	-0.472	3.895	-3.321
17	HE1	1.276	6.159	0.719
18	HE2	-0.173	6.341	-3.314
19	HZ	0.697	7.479	-1.293
20	H	0.727	-0.761	-0.239
28	HA	4.484	2.013	0.617
29	HB	4.065	0.710	3.284
30	1HG1	6.621	1.921	2.142
31	2HG1	6.349	0.216	2.549
32	3HG1	6.384	1.433	3.841
33	1HG2	3.093	2.959	3.090
34	2HG2	4.637	3.602	2.498
35	3HG2	4.520	2.998	4.162
37	1HCN	0.943	1.858	2.270
38	2HCN	2.156	1.382	3.342
39	3HCN	1.343	0.127	2.460
51	HA	5.276	-2.340	-0.177
52	HB3	3.500	-3.731	1.875
53	HB2	5.179	-3.231	2.154
54	HG3	4.309	-5.177	-0.016
55	HG2	4.970	-5.654	1.561
56	HD3	6.417	-3.955	-0.517
57	HD2	6.741	-5.664	-0.164
58	HE	7.536	-3.342	1.431
59	2HH1	7.917	-7.180	2.803
60	1HH1	6.906	-6.824	1.399
61	2HH2	9.047	-5.447	3.888
62	1HH2	8.884	-3.790	3.298
63	H	3.081	-1.197	1.484
68	HA2	0.963	-5.055	-0.906
69	HA3	1.573	-3.980	-2.178
70	H	1.961	-3.539	0.763
79	HA	-2.218	-1.977	-0.658
80	HB3	-2.521	-3.241	1.426
81	HB2	-3.226	-1.615	1.524
82	H	0.321	-2.541	0.821
