12	HA	0.167	1.439	0.837
13	HB2	-0.954	1.906	-1.342
14	HB3	0.477	1.451	-2.213
15	HD1	-0.798	3.881	0.365
16	HD2	2.141	3.099	-2.706
17	HE1	0.007	6.222	0.532
18	HE2	2.933	5.444	-2.538
19	HZ	1.873	7.008	-0.917
20	H	-0.021	-0.695	-1.202
28	HA	4.594	0.271	0.127
29	HB	5.072	2.643	1.947
30	HG11	6.826	1.356	-0.197
31	HG12	7.063	1.207	1.541
32	HG13	7.244	2.767	0.768
33	HG21	3.688	3.537	0.129
34	HG22	4.667	2.710	-1.079
35	HG23	5.346	4.028	-0.127
37	HCN1	1.780	2.784	1.813
38	HCN2	3.029	2.150	2.856
39	HCN3	1.551	1.237	2.649
51	HA	4.942	-2.110	3.820
52	HB3	2.873	-3.281	4.676
53	HB2	1.968	-2.449	3.437
54	HG3	2.812	-0.233	4.380
55	HG2	3.517	-1.131	5.690
56	HD3	1.407	-0.358	6.473
57	HD2	1.136	-2.063	6.170
58	HE	0.438	-0.949	3.775
59	HH12	-2.167	0.385	6.595
60	HH11	-0.635	-0.201	7.099
61	HH22	-2.701	0.404	4.247
62	HH21	-1.505	-0.181	3.132
63	H	3.543	-1.593	1.271
68	HA2	1.869	-4.668	2.903
69	HA3	2.055	-5.657	1.487
70	H	4.242	-5.379	1.555
79	HA	-0.387	-2.782	-0.732
80	HB3	-2.686	-2.297	0.012
81	HB2	-2.292	-2.667	1.667
82	H	-0.181	-4.312	1.541
