12	HA	-0.212	1.139	0.390
13	HB2	-1.755	1.957	-1.206
14	HB3	-0.707	1.667	-2.549
15	HD1	-0.561	3.528	0.755
16	HD2	0.243	3.602	-3.494
17	HE1	0.269	5.856	0.944
18	HE2	1.067	5.928	-3.291
19	HZ	1.087	7.060	-1.075
20	H	0.217	-1.060	-1.398
28	HA	4.113	0.525	-2.848
29	HB	4.339	2.051	-0.252
30	HG11	6.289	1.752	-2.572
31	HG12	6.490	1.077	-0.958
32	HG13	6.492	2.813	-1.183
33	HG21	2.879	3.334	-1.765
34	HG22	4.008	3.114	-3.098
35	HG23	4.456	4.083	-1.697
37	HCN1	0.732	-0.054	-3.081
38	HCN2	2.307	-0.140	-3.767
39	HCN3	1.535	1.429	-3.595
51	HA	5.403	-2.431	0.628
52	HB3	5.807	-0.898	2.424
53	HB2	4.982	-2.258	3.109
54	HG3	2.806	-0.870	3.032
55	HG2	3.768	0.487	2.501
56	HD3	5.148	0.308	4.609
57	HD2	4.113	-1.007	5.144
58	HE	2.514	1.228	4.429
59	HH12	4.063	1.224	8.204
60	HH11	4.765	0.226	6.998
61	HH22	2.198	2.586	7.653
62	HH21	1.559	2.569	6.064
63	H	3.695	0.000	0.599
68	HA2	1.433	-4.707	0.489
69	HA3	2.033	-4.997	-1.131
70	H	3.450	-3.027	-0.995
79	HA	-1.826	-2.580	-1.853
80	HB3	-3.121	-4.139	-0.492
81	HB2	-3.830	-2.561	-0.373
82	H	-0.594	-3.787	0.486
