12	HA	0.151	1.886	0.907
13	HB2	-1.081	1.982	-1.370
14	HB3	0.418	1.623	-2.178
15	HD1	0.760	3.784	0.761
16	HD2	-0.095	3.801	-3.450
17	HE1	1.138	6.212	0.694
18	HE2	0.300	6.233	-3.513
19	HZ	0.911	7.445	-1.440
20	H	0.747	-0.769	-0.129
28	HA	4.526	1.639	0.875
29	HB	4.000	-0.686	2.693
30	1HG1	6.638	0.749	2.159
31	2HG1	6.256	-0.939	1.771
32	3HG1	6.354	-0.428	3.468
33	1HG2	3.173	1.468	3.538
34	2HG2	4.760	2.213	3.263
35	3HG2	4.589	0.939	4.487
37	1HCN	0.981	1.137	2.341
38	2HCN	2.157	0.251	3.164
39	3HCN	1.261	-0.580	1.931
51	HA	4.681	-1.620	-2.208
52	HB3	4.822	-4.108	-1.723
53	HB2	4.097	-3.778	-0.138
54	HG3	5.949	-2.367	0.511
55	HG2	6.647	-2.448	-1.119
56	HD3	7.875	-3.978	0.333
57	HD2	6.939	-4.919	-0.846
58	HE	5.547	-5.721	0.830
59	2HH1	7.296	-3.459	3.759
60	1HH1	7.668	-3.169	2.057
61	2HH2	5.794	-5.149	4.345
62	1HH2	5.038	-6.126	3.083
63	H	2.704	-1.223	-0.097
68	HA2	0.529	-4.784	-2.091
69	HA3	0.697	-3.501	-3.305
70	H	1.952	-3.447	-0.581
79	HA	-2.486	-1.976	-0.408
80	HB3	-2.478	-1.472	2.071
81	HB2	-0.825	-2.115	2.126
82	H	0.369	-2.639	0.136
