12	HA	0.112	1.724	1.304
13	HB2	-1.498	2.481	-0.440
14	HB3	-0.291	2.261	-1.671
15	HD1	-1.150	4.220	1.399
16	HD2	1.336	3.995	-2.130
17	HE1	-0.383	6.550	1.783
18	HE2	2.087	6.327	-1.743
19	HZ	1.236	7.606	0.215
20	H	0.249	-0.472	-0.503
28	HA	4.184	1.778	-0.840
29	HB	5.146	3.104	1.729
30	HG11	6.443	2.927	-1.011
31	HG12	7.046	2.225	0.488
32	HG13	6.988	3.960	0.306
33	HG21	3.385	4.551	0.658
34	HG22	4.202	4.396	-0.886
35	HG23	4.970	5.247	0.448
37	HCN1	1.828	3.378	1.909
38	HCN2	3.290	2.726	2.627
39	HCN3	1.851	1.772	2.641
51	HA	5.887	-1.522	2.158
52	HB3	5.036	-2.168	4.418
53	HB2	3.656	-1.122	4.234
54	HG3	5.192	0.871	4.174
55	HG2	6.572	-0.196	4.284
56	HD3	5.799	-0.981	6.537
57	HD2	4.377	0.042	6.403
58	HE	6.771	1.560	6.008
59	HH12	5.410	1.121	9.828
60	HH11	4.868	0.044	8.606
61	HH22	6.935	2.850	9.268
62	HH21	7.483	3.027	7.656
63	H	3.566	0.356	2.273
68	HA2	2.230	-4.241	0.839
69	HA3	2.057	-3.266	-0.612
70	H	3.270	-1.452	0.423
79	HA	-2.155	-2.041	-0.349
80	HB3	-3.244	-1.991	1.897
81	HB2	-1.743	-2.421	2.660
82	H	-0.171	-3.004	-0.664
