12	HA	0.151	1.886	0.907
13	HB2	-1.080	1.973	-1.376
14	HB3	0.427	1.630	-2.178
15	HD1	-1.211	4.140	0.098
16	HD2	1.859	3.447	-2.828
17	HE1	-0.839	6.562	-0.087
18	HE2	2.236	5.876	-2.997
19	HZ	0.884	7.440	-1.631
20	H	0.748	-0.769	-0.116
28	HA	4.448	2.008	0.953
29	HB	4.072	-0.222	2.921
30	1HG1	6.582	1.419	2.367
31	2HG1	6.376	-0.321	2.094
32	3HG1	6.359	0.316	3.751
33	1HG2	3.014	1.897	3.576
34	2HG2	4.533	2.770	3.298
35	3HG2	4.435	1.576	4.608
37	1HCN	0.911	1.354	2.315
38	2HCN	2.130	0.704	3.284
39	3HCN	1.361	-0.367	2.155
51	HA	5.059	-1.651	-1.629
52	HB3	6.016	-3.869	-0.874
53	HB2	5.424	-3.508	0.759
54	HG3	6.785	-1.450	0.821
55	HG2	7.391	-1.798	-0.811
56	HD3	8.432	-3.881	-0.027
57	HD2	7.783	-3.616	1.604
58	HE	9.245	-1.298	0.828
59	2HH1	11.363	-4.455	2.347
60	1HH1	9.739	-4.694	1.691
61	2HH2	12.309	-2.319	2.349
62	1HH2	11.397	-0.956	1.694
63	H	3.474	-1.512	0.857
68	HA2	1.260	-4.248	-1.462
69	HA3	1.268	-3.437	-3.040
70	H	2.280	-1.471	-1.532
79	HA	-2.385	-1.955	-0.652
80	HB3	-2.780	-1.475	1.812
81	HB2	-1.180	-2.177	2.122
82	H	0.138	-2.982	0.394
