12	HA	-0.189	1.951	0.816
13	HB2	-1.112	1.934	-1.509
14	HB3	0.383	1.292	-2.120
15	HD1	-1.093	4.238	-0.312
16	HD2	2.169	2.776	-2.742
17	HE1	-0.238	6.554	-0.569
18	HE2	3.009	5.096	-3.000
19	HZ	1.812	6.987	-1.911
20	H	0.054	-0.698	-0.518
28	HA	4.302	1.506	-0.028
29	HB	4.588	3.409	2.331
30	HG11	6.558	2.652	0.140
31	HG12	6.697	2.252	1.849
32	HG13	6.789	3.919	1.338
33	HG21	3.238	4.514	0.501
34	HG22	4.460	4.045	-0.666
35	HG23	4.843	5.197	0.607
37	HCN1	1.363	3.613	1.569
38	HCN2	2.550	3.140	2.778
39	HCN3	1.127	2.186	2.588
51	HA	6.422	-1.909	1.448
52	HB3	6.449	-2.457	3.823
53	HB2	5.299	-1.215	4.184
54	HG3	6.947	0.521	3.408
55	HG2	8.076	-0.744	2.982
56	HD3	8.130	-1.463	5.412
57	HD2	7.024	-0.153	5.797
58	HE	9.294	0.837	4.372
59	HH12	9.613	0.527	8.427
60	HH11	8.392	-0.354	7.603
61	HH22	11.088	1.915	7.191
62	HH21	10.932	2.039	5.491
63	H	5.438	-0.191	0.471
68	HA2	2.540	-4.334	1.139
69	HA3	2.215	-3.411	-0.317
70	H	3.466	-1.526	0.601
79	HA	-1.943	-2.276	0.344
80	HB3	-1.227	-2.333	3.313
81	HB2	-1.811	-3.717	2.420
82	H	0.029	-3.133	-0.167
