12	HA	0.151	1.886	0.907
13	HB2	0.245	1.513	-2.171
14	HB3	0.613	3.039	-1.418
15	HD1	-2.044	0.703	-2.380
16	HD2	-1.235	4.370	-0.291
17	HE1	-4.414	1.329	-2.560
18	HE2	-3.616	4.984	-0.462
19	HZ	-5.210	3.468	-1.602
20	H	-0.209	-0.408	0.977
28	HA	4.513	2.488	-0.160
29	HB	4.107	3.030	2.761
30	1HG1	6.668	3.275	1.121
31	2HG1	6.374	2.150	2.461
32	3HG1	6.444	3.895	2.779
33	1HG2	3.169	4.744	1.272
34	2HG2	4.714	4.880	0.412
35	3HG2	4.609	5.383	2.111
37	1HCN	1.009	3.536	0.839
38	2HCN	2.234	4.111	1.847
39	3HCN	1.371	2.702	2.377
51	HA	5.505	-1.335	2.041
52	HB3	4.037	-1.018	4.695
53	HB2	5.666	-0.397	4.363
54	HG3	6.459	-2.690	3.889
55	HG2	4.838	-3.323	4.239
56	HD3	6.228	-3.618	6.221
57	HD2	5.000	-2.380	6.555
58	HE	7.449	-1.230	5.507
59	2HH1	6.827	-1.519	9.543
60	1HH1	5.860	-2.473	8.413
61	2HH2	8.475	-0.078	8.726
62	1HH2	8.745	0.048	6.985
63	H	3.473	0.680	2.847
68	HA2	1.913	-3.886	1.589
69	HA3	2.945	-4.460	0.265
70	H	4.150	-2.315	0.354
79	HA	-0.687	-2.662	-1.814
80	HB3	-2.641	-1.345	-0.846
81	HB2	-1.967	-1.695	0.758
82	H	-0.095	-3.115	0.937
