12	HA	-0.188	1.782	0.647
13	HB2	0.510	2.761	-1.538
14	HB3	-0.896	1.764	-1.628
15	HD1	2.819	1.749	-2.337
16	HD2	-1.014	-0.087	-3.133
17	HE1	3.829	0.417	-4.151
18	HE2	0.004	-1.402	-4.963
19	HZ	2.433	-1.163	-5.478
20	H	0.620	-0.911	-0.286
28	HA	4.365	1.678	1.307
29	HB	4.244	-0.828	3.032
30	HG11	6.664	0.886	2.364
31	HG12	6.447	-0.822	1.991
32	HG13	6.591	-0.307	3.655
33	HG21	3.294	1.352	4.069
34	HG22	4.857	2.084	3.793
35	HG23	4.707	0.722	4.896
37	HCN1	0.727	0.123	2.526
38	HCN2	2.161	-0.370	3.324
39	HCN3	1.660	-1.237	1.890
51	HA	3.881	-1.524	-1.997
52	HB3	5.233	-3.657	-0.278
53	HB2	6.046	-2.371	-1.131
54	HG3	5.212	-3.310	-3.313
55	HG2	4.475	-4.640	-2.446
56	HD3	6.727	-5.319	-1.567
57	HD2	7.469	-3.998	-2.457
58	HE	5.929	-5.491	-4.276
59	HH12	9.580	-7.072	-3.374
60	HH11	8.865	-5.931	-2.311
61	HH22	8.428	-7.710	-5.350
62	HH21	6.895	-7.036	-5.707
63	H	3.240	-1.669	0.790
68	HA2	0.691	-4.767	-1.968
69	HA3	0.407	-3.887	-3.452
70	H	2.159	-2.473	-3.013
79	HA	-2.531	-2.288	-0.031
80	HB3	-2.140	-1.966	2.465
81	HB2	-0.484	-2.472	2.267
82	H	0.285	-3.226	0.057
