12	HA	0.257	1.873	1.088
13	HB2	-1.117	2.355	-0.937
14	HB3	0.190	1.857	-1.970
15	HD1	-0.824	4.376	0.615
16	HD2	1.952	3.409	-2.554
17	HE1	0.068	6.690	0.682
18	HE2	2.832	5.727	-2.483
19	HZ	1.897	7.370	-0.864
20	H	-0.656	-0.115	-0.774
28	HA	4.554	1.306	-0.554
29	HB	5.294	2.926	1.913
30	HG11	6.869	2.299	-0.607
31	HG12	7.256	1.793	1.036
32	HG13	7.334	3.483	0.609
33	HG21	3.762	4.304	0.462
34	HG22	4.738	3.904	-0.939
35	HG23	5.405	4.884	0.361
37	HCN1	2.010	3.386	1.732
38	HCN2	3.343	2.712	2.653
39	HCN3	1.849	1.849	2.590
51	HA	5.421	-1.638	3.130
52	HB3	3.767	-2.308	4.902
53	HB2	2.567	-1.248	4.216
54	HG3	4.042	0.731	4.725
55	HG2	5.252	-0.349	5.374
56	HD3	3.641	-1.093	7.153
57	HD2	2.409	-0.045	6.466
58	HE	4.826	1.396	7.046
59	HH12	1.988	1.142	9.963
60	HH11	1.951	0.040	8.648
61	HH22	3.684	2.799	10.052
62	HH21	4.855	2.900	8.807
63	H	3.242	0.253	2.430
68	HA2	2.506	-4.408	0.564
69	HA3	1.556	-3.153	-0.185
70	H	2.481	-1.529	1.269
79	HA	-0.600	-2.453	-0.275
80	HB3	-2.657	-1.057	0.283
81	HB2	-2.610	-1.675	1.910
82	H	-1.060	-3.478	2.373
