12	HA	0.151	1.886	0.907
13	HB2	-1.079	1.970	-1.378
14	HB3	0.430	1.632	-2.178
15	HD1	-1.176	4.128	0.145
16	HD2	1.814	3.460	-2.869
17	HE1	-0.813	6.553	-0.033
18	HE2	2.182	5.892	-3.031
19	HZ	0.866	7.444	-1.618
20	H	0.738	-0.765	-0.186
28	HA	4.478	2.298	0.475
29	HB	4.093	1.373	3.301
30	1HG1	6.626	2.444	1.981
31	2HG1	6.379	0.809	2.623
32	3HG1	6.405	2.194	3.734
33	1HG2	3.090	3.560	2.805
34	2HG2	4.621	4.134	2.117
35	3HG2	4.523	3.765	3.850
37	1HCN	0.954	2.486	2.029
38	2HCN	2.177	2.347	3.183
39	3HCN	1.367	0.886	2.708
51	HA	4.845	-2.054	-0.389
52	HB3	5.307	-3.880	1.272
53	HB2	4.510	-2.903	2.520
54	HG3	6.862	-2.507	2.753
55	HG2	6.160	-1.051	2.021
56	HD3	6.901	-1.743	-0.205
57	HD2	7.509	-3.281	0.441
58	HE	9.356	-2.214	1.372
59	2HH1	8.144	1.505	0.163
60	1HH1	7.045	0.125	0.066
61	2HH2	10.308	1.205	0.988
62	1HH2	10.834	-0.398	1.511
63	H	2.893	-0.738	1.327
68	HA2	1.285	-4.570	-0.722
69	HA3	1.429	-3.994	-2.394
70	H	2.765	-2.142	-1.635
79	HA	-2.264	-2.017	-0.592
80	HB3	-2.416	-3.202	1.557
81	HB2	-3.148	-1.588	1.627
82	H	0.224	-2.756	0.833
