12	HA	-0.107	1.528	0.896
13	HB2	-1.544	2.458	-0.884
14	HB3	-0.152	2.619	-1.921
15	HD1	-1.608	3.745	1.342
16	HD2	1.319	4.506	-1.745
17	HE1	-1.121	5.963	2.343
18	HE2	1.791	6.726	-0.742
19	HZ	0.577	7.457	1.305
20	H	-0.199	-0.607	0.214
28	HA	4.325	1.670	-0.316
29	HB	4.561	2.940	2.430
30	HG11	6.399	3.040	0.009
31	HG12	6.759	2.329	1.580
32	HG13	6.559	4.055	1.437
33	HG21	2.925	4.296	1.142
34	HG22	3.998	4.304	-0.250
35	HG23	4.449	5.140	1.232
37	HCN1	1.373	2.845	2.194
38	HCN2	2.704	2.019	2.983
39	HCN3	1.307	1.105	2.512
51	HA	5.132	-2.106	2.194
52	HB3	4.745	-2.492	4.608
53	HB2	3.627	-1.159	4.674
54	HG3	5.462	0.434	4.107
55	HG2	6.578	-0.897	3.918
56	HD3	6.292	-1.483	6.344
57	HD2	5.140	-0.168	6.522
58	HE	7.555	0.828	5.406
59	HH12	7.409	0.521	9.470
60	HH11	6.304	-0.380	8.512
61	HH22	8.996	1.930	8.411
62	HH21	9.034	2.049	6.703
63	H	2.904	-0.149	2.129
68	HA2	0.845	-3.712	1.345
69	HA3	1.924	-4.576	0.247
70	H	3.223	-2.264	0.401
79	HA	-0.617	-2.257	-2.722
80	HB3	-2.992	-1.562	-2.464
81	HB2	-2.880	-1.678	-0.730
82	H	-0.849	-3.189	-0.078
