12	HA	0.151	1.886	0.907
13	HB2	-1.086	2.011	-1.352
14	HB3	0.390	1.603	-2.179
15	HD1	0.693	3.820	0.755
16	HD2	0.058	3.745	-3.495
17	HE1	1.132	6.236	0.647
18	HE2	0.514	6.165	-3.597
19	HZ	1.046	7.417	-1.527
20	H	0.752	-0.771	-0.080
28	HA	4.470	2.250	0.451
29	HB	4.094	1.438	3.313
30	1HG1	6.617	2.478	1.948
31	2HG1	6.385	0.868	2.657
32	3HG1	6.399	2.298	3.710
33	1HG2	3.072	3.595	2.728
34	2HG2	4.597	4.153	2.016
35	3HG2	4.503	3.855	3.762
37	1HCN	0.943	2.395	2.073
38	2HCN	2.170	2.228	3.219
39	3HCN	1.377	0.776	2.691
51	HA	4.737	-2.208	-0.106
52	HB3	5.719	-3.770	1.589
53	HB2	5.130	-2.703	2.878
54	HG3	7.412	-2.100	2.552
55	HG2	6.452	-0.821	1.781
56	HD3	6.783	-1.861	-0.429
57	HD2	7.714	-3.177	0.315
58	HE	8.902	-0.751	1.141
59	2HH1	9.815	-2.015	-2.643
60	1HH1	8.364	-2.603	-1.825
61	2HH2	11.226	-0.504	-1.557
62	1HH2	10.834	0.043	0.076
63	H	3.104	-0.783	1.830
68	HA2	1.150	-4.615	0.941
69	HA3	1.426	-5.072	-0.751
70	H	2.763	-2.987	-0.996
79	HA	-1.917	-2.040	-0.974
80	HB3	-3.105	-3.057	0.808
81	HB2	-3.501	-1.328	0.857
82	H	0.044	-2.362	1.264
