12	HA	0.250	1.364	1.191
13	HB2	-1.517	2.116	-0.384
14	HB3	-0.370	2.126	-1.690
15	HD1	-1.276	3.718	1.564
16	HD2	1.142	4.012	-2.006
17	HE1	-0.678	6.055	2.155
18	HE2	1.729	6.348	-1.410
19	HZ	0.825	7.372	0.671
20	H	0.477	-0.702	-0.767
28	HA	4.274	1.897	-0.987
29	HB	5.164	3.031	1.694
30	HG11	6.417	3.222	-1.067
31	HG12	7.093	2.415	0.346
32	HG13	6.918	4.151	0.340
33	HG21	3.290	4.456	0.804
34	HG22	4.082	4.517	-0.760
35	HG23	4.821	5.279	0.643
37	HCN1	1.806	3.023	1.960
38	HCN2	3.347	2.437	2.554
39	HCN3	2.011	1.345	2.479
51	HA	5.191	-2.098	0.877
52	HB3	5.249	-1.190	3.796
53	HB2	6.595	-1.137	2.688
54	HG3	6.504	-3.645	2.480
55	HG2	5.201	-3.684	3.648
56	HD3	6.702	-2.635	5.366
57	HD2	8.013	-2.606	4.196
58	HE	7.002	-5.239	4.337
59	HH12	9.647	-4.193	7.260
60	HH11	8.827	-2.968	6.381
61	HH22	9.226	-6.474	6.755
62	HH21	8.112	-6.890	5.523
63	H	3.556	0.099	1.826
68	HA2	1.349	-4.130	2.244
69	HA3	1.867	-5.040	0.835
70	H	3.804	-3.781	0.688
79	HA	-1.314	-2.320	-1.031
80	HB3	-3.563	-1.907	0.069
81	HB2	-2.948	-2.550	1.568
82	H	-0.686	-3.452	1.609
